23 0.12187500000000001 0.11640625 0.15625 0.1546875
18 0.353125 0.0765625 0.07500000000000001 0.12187500000000001
9 0.60703125 0.1421875 0.0890625 0.12187500000000001
20 0.8875000000000001 0.12109375 0.153125 0.15156250000000002
24 0.12109375 0.35703125 0.1296875 0.1328125
24 0.37109375 0.37031250000000004 0.1484375 0.153125
30 0.6265625 0.39921875 0.1875 0.18906250000000002
21 0.8640625000000001 0.33359375 0.1 0.09843750000000001
35 0.1125 0.6429687500000001 0.12187500000000001 0.1203125
10 0.35546875 0.64375 0.16718750000000002 0.16562500000000002
3 0.6328125 0.58203125 0.1125 0.1203125
26 0.8625 0.6546875000000001 0.10312500000000001 0.13125
24 0.16875 0.8757812500000001 0.203125 0.2015625
24 0.38515625000000003 0.8304687500000001 0.1328125 0.13593750000000002
26 0.6101562500000001 0.878125 0.15156250000000002 0.18125000000000002
30 0.83984375 0.8523437500000001 0.1078125 0.11093750000000001
