0 0.08828125 0.09843750000000001 0.1265625 0.13125
10 0.36171875000000003 0.1046875 0.1546875 0.1625
12 0.6125 0.11640625 0.15937500000000002 0.1609375
14 0.88046875 0.09453125000000001 0.1328125 0.13593750000000002
32 0.1171875 0.38906250000000003 0.140625 0.1375
9 0.35390625000000003 0.3671875 0.1203125 0.12187500000000001
23 0.6101562500000001 0.36875 0.1390625 0.1375
8 0.8500000000000001 0.353125 0.13125 0.134375
17 0.11640625 0.61484375 0.11406250000000001 0.1171875
18 0.35390625000000003 0.5875 0.09531250000000001 0.1
