29 0.1125 0.1265625 0.14375000000000002 0.15000000000000002
1 0.35546875 0.11875000000000001 0.0671875 0.10312500000000001
27 0.65234375 0.14140625 0.1703125 0.16718750000000002
35 0.8679687500000001 0.1171875 0.17343750000000002 0.17500000000000002
5 0.1078125 0.37343750000000003 0.08125 0.10625000000000001
25 0.3671875 0.36875 0.12812500000000002 0.140625
0 0.628125 0.32890625 0.08750000000000001 0.0890625
23 0.8390625 0.3671875 0.115625 0.115625
15 0.11484375000000001 0.63046875 0.13593750000000002 0.1390625
12 0.31640625 0.5906250000000001 0.09843750000000001 0.1
16 0.6359375 0.63671875 0.140625 0.1453125
13 0.86328125 0.6140625000000001 0.11093750000000001 0.1125
13 0.0921875 0.82734375 0.096875 0.09531250000000001
10 0.36171875000000003 0.84296875 0.11406250000000001 0.1046875
34 0.609375 0.82734375 0.12187500000000001 0.1265625
