7 0.109375 0.1234375 0.12187500000000001 0.146875
14 0.36875 0.10234375000000001 0.115625 0.1265625
33 0.63671875 0.1265625 0.1859375 0.184375
23 0.878125 0.09921875000000001 0.134375 0.1265625
6 0.115625 0.36640625000000004 0.07500000000000001 0.1171875
25 0.36015625 0.36562500000000003 0.1484375 0.1375
19 0.625 0.3796875 0.178125 0.178125
20 0.86484375 0.37343750000000003 0.15156250000000002 0.153125
17 0.11953125 0.5703125 0.09531250000000001 0.1125
30 0.36015625 0.59296875 0.09531250000000001 0.11093750000000001
8 0.5945312500000001 0.6101562500000001 0.07968750000000001 0.11406250000000001
8 0.859375 0.60546875 0.1 0.1078125
16 0.10546875 0.8546875 0.0859375 0.1
