16 0.13203125000000002 0.13984375000000002 0.13593750000000002 0.13593750000000002
3 0.340625 0.09531250000000001 0.109375 0.12187500000000001
8 0.60703125 0.1078125 0.0859375 0.10625000000000001
18 0.8304687500000001 0.1296875 0.1046875 0.09062500000000001
14 0.09531250000000001 0.35000000000000003 0.06875 0.09375
31 0.309375 0.36015625 0.10312500000000001 0.1046875
33 0.6429687500000001 0.3640625 0.1765625 0.178125
35 0.8546875 0.37734375000000003 0.12812500000000002 0.1265625
23 0.1171875 0.6039062500000001 0.12187500000000001 0.11406250000000001
28 0.36484375 0.63828125 0.13593750000000002 0.15156250000000002
22 0.6117187500000001 0.603125 0.1015625 0.096875
22 0.8875000000000001 0.6390625000000001 0.14375000000000002 0.140625
26 0.12890625 0.8812500000000001 0.1234375 0.13125
22 0.38046875 0.846875 0.1921875 0.1875
1 0.603125 0.8539062500000001 0.13125 0.1421875
