34 0.11953125 0.153125 0.1046875 0.115625
17 0.38671875 0.10859375 0.1796875 0.15781250000000002
27 0.6218750000000001 0.10703125000000001 0.184375 0.1796875
9 0.85546875 0.08359375000000001 0.0734375 0.09843750000000001
4 0.10312500000000001 0.36953125000000003 0.1 0.1265625
31 0.37578125 0.34296875000000004 0.1171875 0.11093750000000001
35 0.59921875 0.37812500000000004 0.1453125 0.140625
30 0.8515625 0.36875 0.140625 0.140625
4 0.125 0.58359375 0.096875 0.1046875
15 0.35546875 0.6179687500000001 0.09531250000000001 0.0859375
7 0.59375 0.5984375000000001 0.06875 0.09062500000000001
23 0.8421875000000001 0.58828125 0.125 0.1171875
16 0.12421875 0.8406250000000001 0.1078125 0.1125
12 0.38046875 0.8695312500000001 0.1390625 0.15781250000000002
15 0.60859375 0.8359375 0.07968750000000001 0.10312500000000001
