27 0.11093750000000001 0.11875000000000001 0.14375000000000002 0.14375000000000002
17 0.36562500000000003 0.12265625000000001 0.140625 0.13593750000000002
19 0.6062500000000001 0.1203125 0.134375 0.14375000000000002
17 0.8656250000000001 0.11015625000000001 0.115625 0.1203125
3 0.13671875 0.33046875000000003 0.0890625 0.08281250000000001
4 0.35781250000000003 0.37578125 0.134375 0.1546875
2 0.6109375 0.39296875000000003 0.12812500000000002 0.1328125
2 0.90234375 0.3171875 0.11406250000000001 0.1125
17 0.08125 0.6257812500000001 0.1 0.0921875
15 0.3484375 0.6117187500000001 0.15000000000000002 0.1453125
21 0.6156250000000001 0.58828125 0.09375 0.1234375
17 0.8914062500000001 0.6234375000000001 0.1765625 0.171875
15 0.1390625 0.87109375 0.1375 0.1484375
