0 0.125 0.09843750000000001 0.115625 0.146875
10 0.371875 0.08750000000000001 0.13125 0.125
8 0.6062500000000001 0.07968750000000001 0.096875 0.1125
35 0.84765625 0.109375 0.09531250000000001 0.1
17 0.10859375 0.36953125000000003 0.13593750000000002 0.13593750000000002
1 0.34218750000000003 0.34921875 0.11875000000000001 0.1265625
4 0.60546875 0.3453125 0.0703125 0.096875
17 0.86328125 0.35546875 0.1265625 0.1046875
23 0.140625 0.6335937500000001 0.1625 0.1640625
17 0.35546875 0.6375000000000001 0.08281250000000001 0.09062500000000001
5 0.628125 0.62265625 0.15625 0.15781250000000002
26 0.8812500000000001 0.6265625 0.17500000000000002 0.184375
23 0.134375 0.8929687500000001 0.1625 0.1609375
