4 0.13046875 0.07734375 0.1265625 0.1328125
1 0.37812500000000004 0.09375 0.11875000000000001 0.11875000000000001
9 0.6000000000000001 0.11640625 0.08750000000000001 0.09531250000000001
11 0.8578125000000001 0.12109375 0.10625000000000001 0.1203125
26 0.140625 0.3484375 0.16562500000000002 0.1625
6 0.37421875000000004 0.35781250000000003 0.1171875 0.140625
8 0.6171875 0.34687500000000004 0.096875 0.09375
3 0.8757812500000001 0.3953125 0.11406250000000001 0.13125
6 0.1125 0.6023437500000001 0.15000000000000002 0.1453125
7 0.35781250000000003 0.64453125 0.115625 0.1296875
32 0.6101562500000001 0.6156250000000001 0.11406250000000001 0.1125
15 0.8734375000000001 0.6390625000000001 0.12812500000000002 0.134375
16 0.11015625000000001 0.8718750000000001 0.0921875 0.09062500000000001
28 0.340625 0.86875 0.059375000000000004 0.08750000000000001
21 0.62890625 0.8546875 0.1453125 0.146875
29 0.8453125 0.88671875 0.07500000000000001 0.11093750000000001
