9 0.09140625000000001 0.08515625 0.06406250000000001 0.0859375
14 0.3984375 0.08750000000000001 0.134375 0.134375
7 0.61328125 0.08046875 0.09531250000000001 0.11406250000000001
9 0.8984375 0.09609375 0.134375 0.1296875
20 0.12734375 0.37890625 0.1296875 0.1390625
2 0.36484375 0.35078125000000004 0.1078125 0.1296875
35 0.6078125000000001 0.35234375 0.084375 0.1015625
16 0.8406250000000001 0.33828125000000003 0.125 0.1296875
31 0.1265625 0.6351562500000001 0.12812500000000002 0.13593750000000002
17 0.36484375 0.62890625 0.1203125 0.1203125
23 0.634375 0.609375 0.18125000000000002 0.184375
30 0.8773437500000001 0.6414062500000001 0.1296875 0.1296875
