18 0.11875000000000001 0.09531250000000001 0.08750000000000001 0.109375
33 0.37031250000000004 0.11484375000000001 0.15000000000000002 0.1484375
30 0.640625 0.11171875 0.16875 0.1640625
23 0.8796875000000001 0.09921875000000001 0.11875000000000001 0.1453125
33 0.08281250000000001 0.35546875 0.13125 0.1328125
18 0.38515625000000003 0.3171875 0.09843750000000001 0.09062500000000001
13 0.6046875 0.3765625 0.08750000000000001 0.125
1 0.8500000000000001 0.31640625 0.06875 0.09531250000000001
10 0.0859375 0.59921875 0.13125 0.1328125
35 0.37812500000000004 0.6117187500000001 0.16875 0.1703125
