20 0.11640625 0.06328125 0.1015625 0.0921875
33 0.37812500000000004 0.11171875 0.16562500000000002 0.17343750000000002
25 0.61640625 0.10625000000000001 0.1609375 0.1625
13 0.8375 0.08671875000000001 0.10312500000000001 0.11093750000000001
2 0.13593750000000002 0.3953125 0.15937500000000002 0.1625
21 0.35000000000000003 0.3953125 0.08750000000000001 0.096875
14 0.634375 0.39453125 0.146875 0.1453125
28 0.8601562500000001 0.37734375000000003 0.1296875 0.13593750000000002
6 0.10859375 0.6234375000000001 0.1046875 0.1375
24 0.3765625 0.62421875 0.16875 0.16718750000000002
12 0.62109375 0.6062500000000001 0.1265625 0.125
11 0.8609375 0.59765625 0.14375000000000002 0.13593750000000002
30 0.12109375 0.8890625000000001 0.1546875 0.15625
1 0.32265625000000003 0.8656250000000001 0.1015625 0.1
11 0.60078125 0.87421875 0.1234375 0.1234375
30 0.87265625 0.88671875 0.11406250000000001 0.1390625
