25 0.11796875000000001 0.12265625000000001 0.1421875 0.1421875
25 0.35546875 0.12812500000000002 0.1046875 0.115625
19 0.60546875 0.09765625 0.1203125 0.11093750000000001
9 0.87421875 0.1015625 0.09843750000000001 0.12812500000000002
20 0.09765625 0.353125 0.08281250000000001 0.084375
5 0.35859375000000004 0.38203125000000004 0.15781250000000002 0.1484375
35 0.6117187500000001 0.371875 0.1265625 0.12187500000000001
14 0.84921875 0.34921875 0.13593750000000002 0.1453125
31 0.13046875 0.64453125 0.1640625 0.1765625
11 0.35234375 0.62421875 0.08281250000000001 0.0921875
1 0.6156250000000001 0.56796875 0.05625 0.0921875
27 0.8679687500000001 0.6257812500000001 0.1328125 0.1421875
2 0.10312500000000001 0.8734375000000001 0.1125 0.134375
