25 0.1453125 0.07187500000000001 0.1125 0.1125
23 0.3765625 0.13203125000000002 0.13125 0.1296875
2 0.609375 0.07734375 0.096875 0.1078125
11 0.87421875 0.1078125 0.1421875 0.15000000000000002
11 0.10859375 0.35703125 0.11093750000000001 0.11093750000000001
3 0.384375 0.31562500000000004 0.10625000000000001 0.1125
28 0.58125 0.36484375 0.1125 0.11406250000000001
30 0.8921875 0.39453125 0.16562500000000002 0.17343750000000002
8 0.096875 0.61640625 0.13125 0.1421875
31 0.38828125 0.56875 0.1171875 0.11875000000000001
10 0.6023437500000001 0.6257812500000001 0.15156250000000002 0.1484375
9 0.8460937500000001 0.6468750000000001 0.15781250000000002 0.15937500000000002
15 0.09375 0.8625 0.109375 0.1125
2 0.35234375 0.8617187500000001 0.1265625 0.1234375
2 0.58828125 0.84296875 0.0546875 0.08281250000000001
8 0.8500000000000001 0.8875000000000001 0.109375 0.1375
