10 0.1265625 0.11406250000000001 0.153125 0.15000000000000002
35 0.36484375 0.13046875 0.1046875 0.1328125
16 0.60859375 0.1375 0.1453125 0.14375000000000002
13 0.8515625 0.10078125 0.078125 0.0859375
11 0.1421875 0.3984375 0.15625 0.15625
3 0.35000000000000003 0.3765625 0.134375 0.146875
4 0.58359375 0.3359375 0.0703125 0.08750000000000001
33 0.86640625 0.37343750000000003 0.16718750000000002 0.16875
14 0.109375 0.6015625 0.08125 0.10625000000000001
18 0.35859375000000004 0.60546875 0.1265625 0.15156250000000002
1 0.603125 0.62890625 0.12187500000000001 0.1234375
22 0.88671875 0.59375 0.1328125 0.134375
29 0.1015625 0.8500000000000001 0.084375 0.08750000000000001
32 0.42109375000000004 0.8546875 0.2015625 0.203125
20 0.62109375 0.8875000000000001 0.1265625 0.1125
