18 0.1015625 0.10312500000000001 0.0625 0.08125
22 0.38671875 0.1046875 0.1484375 0.15000000000000002
17 0.6531250000000001 0.15859375 0.171875 0.16718750000000002
6 0.8757812500000001 0.14453125 0.11093750000000001 0.13593750000000002
35 0.07500000000000001 0.340625 0.07187500000000001 0.09062500000000001
1 0.35625 0.371875 0.125 0.125
9 0.61484375 0.33437500000000003 0.0921875 0.11875000000000001
4 0.84296875 0.3453125 0.060937500000000006 0.08125
18 0.10234375000000001 0.65546875 0.0859375 0.13593750000000002
5 0.359375 0.6484375 0.1125 0.125
