1 0.1265625 0.06640625 0.09375 0.1046875
11 0.37109375 0.1078125 0.1265625 0.125
32 0.6257812500000001 0.1640625 0.15156250000000002 0.15000000000000002
8 0.8617187500000001 0.11796875000000001 0.1078125 0.11406250000000001
35 0.08515625 0.3515625 0.11406250000000001 0.12187500000000001
3 0.33984375 0.39140625 0.0859375 0.0859375
11 0.6179687500000001 0.41484375 0.1921875 0.18281250000000002
31 0.8578125000000001 0.3484375 0.10312500000000001 0.1
33 0.12578125 0.61328125 0.15156250000000002 0.15156250000000002
35 0.37578125 0.60703125 0.13593750000000002 0.13593750000000002
33 0.5890625 0.60078125 0.134375 0.13593750000000002
18 0.8500000000000001 0.6468750000000001 0.109375 0.13125
6 0.13046875 0.90625 0.11093750000000001 0.146875
26 0.38828125 0.8773437500000001 0.1640625 0.16718750000000002
