4 0.10703125000000001 0.11953125 0.11093750000000001 0.1171875
0 0.36875 0.1203125 0.09062500000000001 0.125
9 0.62265625 0.053125000000000006 0.0765625 0.08750000000000001
8 0.8500000000000001 0.125 0.125 0.125
20 0.1125 0.34453125 0.15937500000000002 0.1609375
21 0.36953125000000003 0.37265625 0.1171875 0.1171875
6 0.6015625 0.37343750000000003 0.125 0.134375
25 0.85859375 0.3875 0.1046875 0.1125
18 0.078125 0.63671875 0.05625 0.07968750000000001
19 0.38359375 0.58359375 0.1234375 0.1265625
2 0.6023437500000001 0.6375000000000001 0.1203125 0.11875000000000001
10 0.87421875 0.61640625 0.1609375 0.1640625
31 0.140625 0.875 0.146875 0.14375000000000002
