9 0.12812500000000002 0.0765625 0.09375 0.1
2 0.34765625 0.1265625 0.08281250000000001 0.109375
11 0.6328125 0.12578125 0.16562500000000002 0.1609375
24 0.8656250000000001 0.1265625 0.15000000000000002 0.15000000000000002
21 0.09140625000000001 0.36015625 0.1046875 0.1171875
0 0.340625 0.353125 0.065625 0.09375
23 0.628125 0.3921875 0.1875 0.1875
16 0.890625 0.36250000000000004 0.18125000000000002 0.18125000000000002
28 0.09453125000000001 0.609375 0.0765625 0.1
12 0.36562500000000003 0.6000000000000001 0.115625 0.115625
13 0.596875 0.625 0.0625 0.096875
16 0.86328125 0.6234375000000001 0.1046875 0.115625
2 0.12812500000000002 0.846875 0.1375 0.14375000000000002
12 0.34609375000000003 0.8773437500000001 0.0921875 0.09531250000000001
8 0.60546875 0.878125 0.0921875 0.12812500000000002
29 0.8609375 0.87109375 0.15000000000000002 0.1484375
