13 0.10390625 0.11328125 0.1421875 0.1421875
2 0.35234375 0.1203125 0.0765625 0.115625
7 0.6101562500000001 0.1234375 0.1265625 0.134375
34 0.8539062500000001 0.12578125 0.09843750000000001 0.11093750000000001
17 0.09843750000000001 0.3765625 0.1 0.09375
4 0.3453125 0.36875 0.115625 0.12187500000000001
23 0.61484375 0.38359375 0.1234375 0.1546875
5 0.87421875 0.34453125 0.1296875 0.1203125
28 0.12265625000000001 0.6125 0.1328125 0.146875
30 0.35468750000000004 0.609375 0.134375 0.14375000000000002
2 0.61328125 0.6421875 0.1015625 0.11875000000000001
22 0.88828125 0.5867187500000001 0.13593750000000002 0.1171875
22 0.12734375 0.8304687500000001 0.1640625 0.1484375
24 0.34687500000000004 0.86875 0.08125 0.109375
