12 0.12812500000000002 0.10390625 0.146875 0.1546875
16 0.36171875000000003 0.10234375000000001 0.09531250000000001 0.09531250000000001
34 0.64375 0.153125 0.134375 0.14375000000000002
34 0.8601562500000001 0.11093750000000001 0.1265625 0.12812500000000002
24 0.1421875 0.33828125000000003 0.15625 0.15781250000000002
3 0.34687500000000004 0.3921875 0.096875 0.10312500000000001
24 0.63671875 0.328125 0.1265625 0.12812500000000002
13 0.84140625 0.34609375000000003 0.0859375 0.09531250000000001
10 0.13828125 0.63671875 0.1796875 0.1796875
10 0.3515625 0.60859375 0.16562500000000002 0.1640625
21 0.61875 0.65390625 0.125 0.1546875
5 0.884375 0.6585937500000001 0.15000000000000002 0.15156250000000002
1 0.1046875 0.88046875 0.1 0.1078125
