22 0.1296875 0.12421875 0.15000000000000002 0.15156250000000002
23 0.36171875000000003 0.13203125000000002 0.1203125 0.1484375
10 0.5750000000000001 0.0921875 0.12187500000000001 0.125
20 0.8546875 0.13593750000000002 0.153125 0.15000000000000002
32 0.16953125000000002 0.38828125 0.2078125 0.20468750000000002
7 0.37265625 0.384375 0.0921875 0.115625
35 0.6125 0.40546875000000004 0.146875 0.1546875
2 0.86328125 0.33437500000000003 0.0890625 0.1
25 0.09531250000000001 0.5906250000000001 0.10625000000000001 0.11875000000000001
27 0.35781250000000003 0.6140625000000001 0.115625 0.115625
