14 0.125 0.14921875 0.12812500000000002 0.13593750000000002
12 0.384375 0.11015625000000001 0.14375000000000002 0.15156250000000002
22 0.6351562500000001 0.11406250000000001 0.1640625 0.15000000000000002
1 0.8562500000000001 0.12421875 0.115625 0.1015625
4 0.1078125 0.33984375 0.096875 0.1046875
11 0.34140625 0.3609375 0.1203125 0.11875000000000001
25 0.6039062500000001 0.3640625 0.1484375 0.15000000000000002
5 0.8406250000000001 0.37343750000000003 0.134375 0.13125
31 0.15546875000000002 0.5984375000000001 0.15781250000000002 0.16562500000000002
25 0.35390625000000003 0.63046875 0.1015625 0.1078125
14 0.6023437500000001 0.58984375 0.08281250000000001 0.0859375
