3 0.1234375 0.1609375 0.10625000000000001 0.140625
15 0.37265625 0.13359375 0.1484375 0.15156250000000002
23 0.634375 0.11015625000000001 0.171875 0.1703125
33 0.8921875 0.1015625 0.171875 0.16875
20 0.12421875 0.3609375 0.16718750000000002 0.16875
20 0.36484375 0.325 0.07968750000000001 0.09375
10 0.603125 0.36015625 0.146875 0.1453125
23 0.8984375 0.38125000000000003 0.20625000000000002 0.19062500000000002
6 0.08984375 0.6195312500000001 0.1390625 0.13593750000000002
5 0.35390625000000003 0.6312500000000001 0.0765625 0.1
5 0.6101562500000001 0.6257812500000001 0.1703125 0.1640625
