3 0.11796875000000001 0.09609375 0.1015625 0.11406250000000001
13 0.384375 0.14140625 0.1625 0.1609375
1 0.59375 0.1125 0.07500000000000001 0.1
1 0.859375 0.13671875 0.09375 0.09843750000000001
2 0.1328125 0.31562500000000004 0.09062500000000001 0.09375
16 0.3640625 0.35859375000000004 0.16562500000000002 0.1640625
23 0.6296875000000001 0.37734375000000003 0.146875 0.1453125
2 0.8609375 0.36796875 0.12812500000000002 0.1328125
14 0.10703125000000001 0.6492187500000001 0.09843750000000001 0.1203125
31 0.35781250000000003 0.6109375 0.08750000000000001 0.078125
18 0.6195312500000001 0.6726562500000001 0.1015625 0.0859375
16 0.85078125 0.59296875 0.0765625 0.09843750000000001
