19 0.12187500000000001 0.13046875 0.12812500000000002 0.1296875
23 0.37265625 0.1453125 0.1765625 0.17500000000000002
3 0.60703125 0.125 0.1078125 0.12187500000000001
16 0.86484375 0.15546875000000002 0.1609375 0.1703125
29 0.1203125 0.34765625 0.09375 0.09531250000000001
17 0.36171875000000003 0.3640625 0.1421875 0.146875
34 0.62109375 0.38046875 0.15781250000000002 0.1546875
11 0.8765625 0.35078125000000004 0.146875 0.15156250000000002
4 0.09765625 0.63828125 0.07968750000000001 0.0921875
27 0.36171875000000003 0.6265625 0.11406250000000001 0.1125
18 0.59765625 0.59140625 0.0703125 0.11406250000000001
28 0.8132812500000001 0.59765625 0.1046875 0.1046875
