13 0.109375 0.11015625000000001 0.10312500000000001 0.1015625
21 0.35781250000000003 0.1390625 0.08750000000000001 0.12812500000000002
11 0.6101562500000001 0.14375000000000002 0.1640625 0.1625
23 0.88046875 0.09375 0.1296875 0.134375
25 0.11796875000000001 0.384375 0.13593750000000002 0.134375
0 0.34687500000000004 0.36640625000000004 0.134375 0.1296875
18 0.59921875 0.35468750000000004 0.1078125 0.115625
35 0.8406250000000001 0.3828125 0.10625000000000001 0.109375
5 0.09765625 0.6265625 0.0859375 0.10625000000000001
11 0.39921875 0.60078125 0.1609375 0.1609375
12 0.61875 0.6023437500000001 0.10625000000000001 0.1234375
5 0.84140625 0.6312500000000001 0.0671875 0.09375
30 0.13828125 0.82578125 0.1390625 0.1234375
21 0.353125 0.90546875 0.059375000000000004 0.1234375
25 0.5710937500000001 0.85546875 0.1328125 0.1328125
31 0.89453125 0.8640625000000001 0.1640625 0.16562500000000002
