29 0.10625000000000001 0.07890625000000001 0.1 0.11093750000000001
0 0.34609375000000003 0.1171875 0.051562500000000004 0.078125
18 0.5859375 0.10312500000000001 0.115625 0.11875000000000001
9 0.87265625 0.16015625 0.1296875 0.15781250000000002
27 0.13671875 0.375 0.1703125 0.1625
10 0.35468750000000004 0.375 0.109375 0.10312500000000001
17 0.61484375 0.34140625 0.11406250000000001 0.1328125
18 0.8625 0.36015625 0.109375 0.11093750000000001
18 0.11171875 0.5796875 0.0703125 0.08125
4 0.359375 0.6140625000000001 0.15000000000000002 0.140625
35 0.6328125 0.65390625 0.14375000000000002 0.15156250000000002
24 0.87109375 0.6140625000000001 0.1265625 0.12812500000000002
