33 0.115625 0.11953125 0.13125 0.1421875
6 0.359375 0.10078125 0.07187500000000001 0.1015625
35 0.5890625 0.1 0.134375 0.134375
3 0.83203125 0.11796875000000001 0.0859375 0.09843750000000001
6 0.11484375000000001 0.31875000000000003 0.0671875 0.09062500000000001
7 0.35859375000000004 0.37421875000000004 0.1265625 0.1328125
28 0.6062500000000001 0.36875 0.15625 0.153125
20 0.9031250000000001 0.34218750000000003 0.14375000000000002 0.14375000000000002
13 0.11484375000000001 0.6109375 0.1265625 0.12187500000000001
35 0.36015625 0.5867187500000001 0.09531250000000001 0.0921875
8 0.5953125 0.5789062500000001 0.065625 0.1015625
11 0.8718750000000001 0.5890625 0.115625 0.115625
35 0.14296875 0.8296875 0.1234375 0.11875000000000001
