17 0.09765625 0.13046875 0.09531250000000001 0.11406250000000001
34 0.36875 0.07890625000000001 0.140625 0.1484375
6 0.5953125 0.10703125000000001 0.10312500000000001 0.11093750000000001
15 0.85078125 0.11406250000000001 0.060937500000000006 0.11875000000000001
33 0.12812500000000002 0.36953125000000003 0.16562500000000002 0.1640625
7 0.36875 0.36015625 0.125 0.1203125
2 0.59921875 0.35859375000000004 0.1234375 0.13593750000000002
14 0.8609375 0.3609375 0.096875 0.1
7 0.11406250000000001 0.6023437500000001 0.11875000000000001 0.1171875
20 0.3953125 0.5945312500000001 0.1375 0.13593750000000002
