17 0.11796875000000001 0.10312500000000001 0.1265625 0.115625
9 0.35625 0.09765625 0.08750000000000001 0.11406250000000001
32 0.6453125000000001 0.10703125000000001 0.1625 0.1609375
34 0.8609375 0.09609375 0.1125 0.1203125
0 0.1015625 0.384375 0.08125 0.115625
10 0.3609375 0.36250000000000004 0.125 0.115625
34 0.5828125000000001 0.37109375 0.10625000000000001 0.1078125
6 0.8757812500000001 0.37265625 0.1484375 0.16718750000000002
2 0.10390625 0.628125 0.13593750000000002 0.140625
19 0.35078125000000004 0.63203125 0.1203125 0.1328125
