13 0.12578125 0.07890625000000001 0.11093750000000001 0.1234375
23 0.37578125 0.14453125 0.1546875 0.1546875
25 0.609375 0.11640625 0.125 0.1265625
33 0.8578125000000001 0.13984375000000002 0.15625 0.1546875
20 0.09296875 0.37578125 0.0546875 0.0859375
3 0.35625 0.353125 0.1125 0.125
21 0.61484375 0.36562500000000003 0.1328125 0.1375
4 0.8617187500000001 0.38359375 0.1421875 0.1546875
6 0.11328125 0.6359375 0.1265625 0.153125
2 0.33671875 0.6039062500000001 0.1453125 0.1421875
21 0.6273437500000001 0.58203125 0.1046875 0.11093750000000001
8 0.86328125 0.5906250000000001 0.1203125 0.1375
4 0.0734375 0.85703125 0.096875 0.09843750000000001
28 0.37265625 0.88828125 0.1859375 0.1859375
10 0.6265625 0.8773437500000001 0.146875 0.1484375
26 0.8765625 0.88203125 0.1625 0.1640625
