13 0.1234375 0.08671875000000001 0.12812500000000002 0.1296875
6 0.35078125000000004 0.08515625 0.07968750000000001 0.1015625
20 0.62109375 0.07578125000000001 0.1015625 0.1078125
3 0.8625 0.1390625 0.1 0.146875
31 0.11953125 0.33906250000000004 0.1078125 0.096875
19 0.36796875 0.40703125 0.1171875 0.1078125
5 0.58359375 0.37578125 0.1171875 0.11093750000000001
28 0.85703125 0.36562500000000003 0.1171875 0.12812500000000002
13 0.11171875 0.63046875 0.1015625 0.11406250000000001
5 0.35390625000000003 0.5890625 0.0921875 0.115625
31 0.6328125 0.596875 0.15625 0.15625
5 0.8445312500000001 0.625 0.07968750000000001 0.10625000000000001
3 0.10703125000000001 0.8617187500000001 0.1328125 0.15156250000000002
