12 0.10859375 0.07109375 0.0890625 0.0890625
18 0.359375 0.11796875000000001 0.12187500000000001 0.1203125
19 0.62109375 0.13359375 0.1484375 0.15156250000000002
20 0.8875000000000001 0.084375 0.1125 0.1125
8 0.09765625 0.37421875000000004 0.09531250000000001 0.11406250000000001
9 0.34609375000000003 0.33828125000000003 0.0546875 0.07968750000000001
23 0.6296875000000001 0.32343750000000004 0.12187500000000001 0.12187500000000001
16 0.85546875 0.41328125000000004 0.1390625 0.18281250000000002
2 0.08515625 0.60546875 0.1203125 0.1234375
27 0.35234375 0.6515625 0.0703125 0.12187500000000001
