1 0.11093750000000001 0.10859375 0.11875000000000001 0.13593750000000002
27 0.37812500000000004 0.11093750000000001 0.140625 0.13125
10 0.6156250000000001 0.09453125000000001 0.1125 0.11093750000000001
14 0.8601562500000001 0.12187500000000001 0.1546875 0.153125
24 0.13203125000000002 0.40156250000000004 0.1546875 0.153125
21 0.33203125 0.36875 0.060937500000000006 0.08750000000000001
24 0.6265625 0.35078125000000004 0.153125 0.15781250000000002
0 0.853125 0.34218750000000003 0.07187500000000001 0.09062500000000001
23 0.084375 0.6156250000000001 0.1 0.10312500000000001
8 0.35703125 0.6375000000000001 0.1046875 0.125
35 0.60703125 0.64453125 0.1265625 0.1328125
15 0.8656250000000001 0.6039062500000001 0.115625 0.11406250000000001
13 0.12578125 0.878125 0.1703125 0.17500000000000002
3 0.36953125000000003 0.84296875 0.1265625 0.1171875
