20 0.09453125000000001 0.12890625 0.1171875 0.1078125
33 0.38906250000000003 0.12734375 0.18125000000000002 0.17343750000000002
11 0.603125 0.140625 0.08750000000000001 0.1125
21 0.8679687500000001 0.12421875 0.15156250000000002 0.1546875
34 0.10390625 0.37265625 0.1203125 0.1203125
0 0.34453125 0.38046875 0.1046875 0.11093750000000001
31 0.6046875 0.36875 0.115625 0.1125
27 0.8609375 0.3796875 0.109375 0.10312500000000001
14 0.11484375000000001 0.63671875 0.1546875 0.1546875
25 0.36171875000000003 0.6156250000000001 0.1421875 0.140625
28 0.62109375 0.58359375 0.0890625 0.0921875
30 0.8500000000000001 0.63046875 0.115625 0.1203125
