27 0.12890625 0.10625000000000001 0.18906250000000002 0.1875
13 0.3609375 0.11093750000000001 0.096875 0.10312500000000001
23 0.6273437500000001 0.1234375 0.1421875 0.15625
35 0.8757812500000001 0.14296875 0.11406250000000001 0.11093750000000001
4 0.11093750000000001 0.40156250000000004 0.09062500000000001 0.115625
6 0.34375 0.38046875 0.09375 0.1078125
6 0.6140625000000001 0.38515625000000003 0.13125 0.1453125
8 0.8851562500000001 0.403125 0.1453125 0.1375
23 0.10234375000000001 0.6218750000000001 0.1296875 0.12812500000000002
33 0.37421875000000004 0.61875 0.1546875 0.15000000000000002
17 0.64609375 0.6375000000000001 0.16718750000000002 0.16875
3 0.87421875 0.60703125 0.1296875 0.13593750000000002
2 0.10078125 0.8460937500000001 0.09531250000000001 0.1171875
33 0.33984375 0.8460937500000001 0.0734375 0.09843750000000001
10 0.6273437500000001 0.85078125 0.1453125 0.1453125
29 0.8609375 0.8460937500000001 0.08125 0.08281250000000001
