33 0.1046875 0.07500000000000001 0.096875 0.109375
20 0.32890625 0.10234375000000001 0.1234375 0.1234375
34 0.6062500000000001 0.11406250000000001 0.1125 0.1125
32 0.87890625 0.11796875000000001 0.1546875 0.1484375
29 0.09843750000000001 0.35000000000000003 0.125 0.125
21 0.359375 0.36875 0.1 0.11875000000000001
11 0.59609375 0.36796875 0.1171875 0.1296875
26 0.88046875 0.36875 0.1234375 0.13125
11 0.1328125 0.6312500000000001 0.16875 0.171875
33 0.36796875 0.6257812500000001 0.13593750000000002 0.13593750000000002
30 0.640625 0.603125 0.146875 0.15000000000000002
28 0.8757812500000001 0.6218750000000001 0.1796875 0.1875
8 0.10703125000000001 0.8835937500000001 0.1046875 0.11406250000000001
