16 0.12734375 0.10078125 0.1078125 0.11406250000000001
23 0.35703125 0.134375 0.1421875 0.14375000000000002
20 0.60859375 0.11796875000000001 0.1078125 0.1078125
18 0.8617187500000001 0.06406250000000001 0.0765625 0.10312500000000001
11 0.12578125 0.36171875000000003 0.1390625 0.1484375
17 0.36875 0.37343750000000003 0.140625 0.140625
14 0.609375 0.34296875000000004 0.096875 0.0921875
27 0.8812500000000001 0.38203125000000004 0.1375 0.1390625
18 0.096875 0.61484375 0.1125 0.1203125
19 0.3484375 0.61640625 0.09062500000000001 0.09531250000000001
26 0.6117187500000001 0.5953125 0.11093750000000001 0.13125
15 0.84921875 0.61875 0.0703125 0.08125
