4 0.10625000000000001 0.1375 0.13125 0.134375
25 0.35781250000000003 0.11171875 0.10312500000000001 0.11093750000000001
32 0.64765625 0.10078125 0.15156250000000002 0.1546875
8 0.8679687500000001 0.15390625000000002 0.13593750000000002 0.1640625
19 0.1203125 0.36640625000000004 0.115625 0.1390625
23 0.35703125 0.37421875000000004 0.09843750000000001 0.1265625
21 0.625 0.3484375 0.1375 0.1375
24 0.8835937500000001 0.34765625 0.1296875 0.1328125
6 0.10546875 0.60859375 0.1046875 0.1234375
0 0.3484375 0.60859375 0.1 0.1171875
13 0.6046875 0.6257812500000001 0.1 0.09843750000000001
