10 0.13046875 0.13203125000000002 0.16718750000000002 0.16718750000000002
29 0.37812500000000004 0.0890625 0.115625 0.1125
33 0.61875 0.1203125 0.140625 0.14375000000000002
6 0.853125 0.12812500000000002 0.1375 0.140625
19 0.1265625 0.38125000000000003 0.12812500000000002 0.15625
14 0.36562500000000003 0.33046875000000003 0.08750000000000001 0.0890625
11 0.625 0.35468750000000004 0.13125 0.14375000000000002
19 0.84765625 0.36250000000000004 0.1390625 0.15625
3 0.125 0.5875 0.10312500000000001 0.1
1 0.359375 0.6125 0.10625000000000001 0.115625
24 0.60703125 0.6234375000000001 0.11093750000000001 0.115625
7 0.85546875 0.62890625 0.1421875 0.1390625
10 0.11953125 0.8851562500000001 0.1484375 0.1453125
35 0.375 0.8523437500000001 0.146875 0.1484375
