2 0.09765625 0.11640625 0.09531250000000001 0.1171875
35 0.38046875 0.11875000000000001 0.17343750000000002 0.17500000000000002
14 0.63671875 0.0734375 0.1171875 0.115625
34 0.86484375 0.09921875000000001 0.11406250000000001 0.11406250000000001
3 0.11015625000000001 0.34218750000000003 0.1015625 0.12812500000000002
8 0.35546875 0.36171875000000003 0.1328125 0.1328125
15 0.5984375000000001 0.37890625 0.12187500000000001 0.1203125
23 0.8851562500000001 0.35781250000000003 0.1296875 0.125
4 0.09843750000000001 0.6203125 0.115625 0.1125
32 0.375 0.6257812500000001 0.1625 0.1640625
7 0.6335937500000001 0.6531250000000001 0.1203125 0.146875
8 0.8546875 0.61875 0.125 0.12187500000000001
11 0.109375 0.8828125 0.125 0.12187500000000001
1 0.3609375 0.87890625 0.134375 0.1421875
31 0.63046875 0.8539062500000001 0.1640625 0.1765625
13 0.8859375 0.8625 0.18125000000000002 0.184375
