17 0.115625 0.109375 0.125 0.12187500000000001
6 0.34921875 0.12187500000000001 0.09531250000000001 0.11875000000000001
7 0.6101562500000001 0.12578125 0.0734375 0.0921875
13 0.8601562500000001 0.10078125 0.1546875 0.1546875
20 0.11875000000000001 0.37812500000000004 0.115625 0.134375
16 0.36796875 0.34687500000000004 0.1796875 0.178125
6 0.6273437500000001 0.40546875000000004 0.1453125 0.15156250000000002
8 0.86875 0.3921875 0.109375 0.13125
14 0.08359375000000001 0.5796875 0.0734375 0.078125
21 0.38984375000000004 0.609375 0.1796875 0.16562500000000002
18 0.59140625 0.6101562500000001 0.11406250000000001 0.1296875
24 0.8625 0.5750000000000001 0.09375 0.10312500000000001
