11 0.12421875 0.06640625 0.09531250000000001 0.09531250000000001
12 0.3828125 0.11953125 0.16875 0.1703125
20 0.6179687500000001 0.12421875 0.1265625 0.1296875
1 0.8390625 0.1046875 0.11875000000000001 0.12187500000000001
9 0.1203125 0.33515625000000004 0.084375 0.1203125
31 0.35078125000000004 0.33125000000000004 0.1078125 0.11875000000000001
25 0.5765625 0.3453125 0.11875000000000001 0.11875000000000001
16 0.85078125 0.37578125 0.1046875 0.1234375
18 0.0890625 0.6312500000000001 0.037500000000000006 0.140625
22 0.34765625 0.63671875 0.09843750000000001 0.09843750000000001
17 0.63671875 0.62890625 0.18281250000000002 0.17343750000000002
26 0.8679687500000001 0.6195312500000001 0.16718750000000002 0.1640625
26 0.1171875 0.884375 0.109375 0.14375000000000002
21 0.36875 0.8890625000000001 0.109375 0.13125
