27 0.12187500000000001 0.10546875 0.12187500000000001 0.1234375
23 0.36796875 0.13359375 0.1171875 0.1015625
11 0.6203125 0.12265625000000001 0.134375 0.15156250000000002
12 0.884375 0.13593750000000002 0.16875 0.171875
19 0.1234375 0.36171875000000003 0.15000000000000002 0.1453125
34 0.33437500000000003 0.353125 0.1375 0.1375
14 0.60546875 0.35000000000000003 0.09843750000000001 0.115625
9 0.88046875 0.36640625000000004 0.1703125 0.17343750000000002
35 0.10625000000000001 0.6234375000000001 0.10312500000000001 0.1125
25 0.38984375000000004 0.63984375 0.1609375 0.1640625
31 0.603125 0.6156250000000001 0.06875 0.10625000000000001
