7 0.09531250000000001 0.08203125 0.084375 0.11093750000000001
34 0.37890625 0.1015625 0.1015625 0.109375
29 0.59375 0.12187500000000001 0.065625 0.10312500000000001
3 0.8546875 0.1203125 0.06875 0.1
2 0.10390625 0.36796875 0.1390625 0.13593750000000002
3 0.34765625 0.35546875 0.1046875 0.11093750000000001
9 0.609375 0.328125 0.0625 0.08750000000000001
3 0.8500000000000001 0.38515625000000003 0.109375 0.1234375
31 0.15625 0.6296875000000001 0.184375 0.184375
17 0.35625 0.6257812500000001 0.125 0.1234375
24 0.6273437500000001 0.64453125 0.1296875 0.1390625
18 0.83984375 0.6359375 0.11406250000000001 0.146875
