12 0.1015625 0.13203125000000002 0.1125 0.11093750000000001
18 0.32421875 0.1328125 0.0578125 0.115625
27 0.5867187500000001 0.1046875 0.0890625 0.1125
20 0.8523437500000001 0.14453125 0.1453125 0.1453125
1 0.09921875000000001 0.38359375 0.0859375 0.1421875
0 0.35703125 0.36562500000000003 0.1046875 0.13125
35 0.6312500000000001 0.35625 0.15937500000000002 0.16562500000000002
8 0.87109375 0.31562500000000004 0.0765625 0.09062500000000001
10 0.12734375 0.59140625 0.1421875 0.1390625
11 0.36640625000000004 0.59296875 0.1078125 0.1265625
14 0.59296875 0.61640625 0.0734375 0.09531250000000001
