23 0.13671875 0.1296875 0.1703125 0.171875
16 0.36640625000000004 0.13046875 0.1046875 0.11406250000000001
29 0.6390625000000001 0.09375 0.12187500000000001 0.12812500000000002
12 0.86640625 0.096875 0.09843750000000001 0.109375
4 0.11875000000000001 0.35000000000000003 0.1125 0.125
24 0.36171875000000003 0.37031250000000004 0.1265625 0.13125
24 0.6335937500000001 0.359375 0.17343750000000002 0.17500000000000002
10 0.8695312500000001 0.36953125000000003 0.15781250000000002 0.15781250000000002
19 0.0890625 0.64453125 0.096875 0.09531250000000001
33 0.3875 0.5875 0.12812500000000002 0.12812500000000002
6 0.628125 0.6468750000000001 0.12812500000000002 0.146875
17 0.853125 0.62265625 0.10312500000000001 0.11093750000000001
