3 0.1234375 0.13828125 0.16562500000000002 0.1609375
27 0.3828125 0.10546875 0.15937500000000002 0.15781250000000002
34 0.628125 0.14453125 0.13125 0.1328125
3 0.86328125 0.1171875 0.1609375 0.1625
21 0.1 0.35390625000000003 0.06875 0.09531250000000001
35 0.4109375 0.39375000000000004 0.19687500000000002 0.19687500000000002
23 0.6117187500000001 0.39140625 0.11093750000000001 0.11093750000000001
7 0.85859375 0.390625 0.0890625 0.125
5 0.09843750000000001 0.64375 0.084375 0.10625000000000001
21 0.34687500000000004 0.6265625 0.134375 0.13125
31 0.6234375000000001 0.60859375 0.13125 0.1484375
32 0.8601562500000001 0.6328125 0.11406250000000001 0.1125
30 0.134375 0.8734375000000001 0.15625 0.15625
32 0.36562500000000003 0.8765625 0.115625 0.109375
