10 0.09765625 0.078125 0.1046875 0.096875
10 0.36796875 0.15703125 0.17343750000000002 0.17343750000000002
31 0.625 0.16875 0.146875 0.146875
14 0.8703125 0.1125 0.115625 0.11875000000000001
0 0.1265625 0.359375 0.109375 0.13125
18 0.353125 0.41875 0.07500000000000001 0.115625
14 0.59921875 0.34140625 0.09843750000000001 0.11406250000000001
10 0.8625 0.36171875000000003 0.146875 0.15156250000000002
28 0.1171875 0.6203125 0.1125 0.125
23 0.36250000000000004 0.6117187500000001 0.1625 0.1609375
13 0.63203125 0.60078125 0.1390625 0.15156250000000002
15 0.8671875 0.5750000000000001 0.09375 0.1
5 0.11406250000000001 0.87421875 0.15000000000000002 0.1703125
27 0.3984375 0.8625 0.17500000000000002 0.17500000000000002
