34 0.10390625 0.12187500000000001 0.11406250000000001 0.115625
32 0.3375 0.09296875 0.109375 0.1078125
11 0.6171875 0.11015625000000001 0.134375 0.1203125
17 0.8703125 0.08281250000000001 0.15625 0.13125
18 0.11171875 0.32656250000000003 0.07968750000000001 0.096875
11 0.390625 0.3953125 0.13125 0.1375
26 0.62890625 0.37109375 0.19843750000000002 0.19843750000000002
6 0.853125 0.40390625 0.15937500000000002 0.16718750000000002
11 0.1234375 0.61875 0.153125 0.15625
15 0.35234375 0.59765625 0.15781250000000002 0.15781250000000002
10 0.6171875 0.65546875 0.109375 0.1421875
3 0.84921875 0.603125 0.08281250000000001 0.10625000000000001
24 0.115625 0.859375 0.134375 0.140625
15 0.3609375 0.8695312500000001 0.09375 0.1015625
1 0.603125 0.85703125 0.1 0.1203125
