30 0.10625000000000001 0.06875 0.10625000000000001 0.109375
33 0.37421875000000004 0.09609375 0.1296875 0.1265625
18 0.62890625 0.146875 0.11093750000000001 0.109375
12 0.8625 0.09062500000000001 0.09375 0.1
2 0.09375 0.35859375000000004 0.09062500000000001 0.1171875
1 0.3828125 0.40703125 0.12187500000000001 0.11093750000000001
17 0.5921875 0.35078125000000004 0.1375 0.1390625
14 0.8625 0.36796875 0.12187500000000001 0.1171875
25 0.10390625 0.63046875 0.07968750000000001 0.1265625
2 0.35468750000000004 0.6101562500000001 0.13125 0.1453125
