13 0.12265625000000001 0.08671875000000001 0.11093750000000001 0.1234375
7 0.35781250000000003 0.15000000000000002 0.08750000000000001 0.115625
6 0.6046875 0.096875 0.09062500000000001 0.11875000000000001
17 0.86640625 0.11953125 0.13593750000000002 0.1390625
20 0.1296875 0.4078125 0.125 0.13125
26 0.36875 0.384375 0.115625 0.1375
1 0.6179687500000001 0.340625 0.1015625 0.1125
24 0.8601562500000001 0.390625 0.1421875 0.14375000000000002
15 0.11640625 0.6234375000000001 0.1296875 0.134375
11 0.36250000000000004 0.6414062500000001 0.11875000000000001 0.1265625
7 0.6179687500000001 0.60546875 0.1390625 0.15781250000000002
23 0.875 0.6195312500000001 0.153125 0.15156250000000002
33 0.10859375 0.88203125 0.1546875 0.15156250000000002
8 0.3765625 0.91015625 0.14375000000000002 0.1703125
28 0.6179687500000001 0.8734375000000001 0.1328125 0.140625
