9 0.12812500000000002 0.15390625000000002 0.134375 0.1265625
32 0.39453125 0.10078125 0.13593750000000002 0.1234375
18 0.6039062500000001 0.140625 0.11093750000000001 0.115625
14 0.8523437500000001 0.10859375 0.1171875 0.1296875
0 0.1015625 0.3484375 0.1 0.1
34 0.375 0.34609375000000003 0.13125 0.1328125
4 0.59296875 0.35468750000000004 0.1015625 0.10625000000000001
35 0.8546875 0.37890625 0.1 0.1421875
11 0.1125 0.6390625000000001 0.12187500000000001 0.134375
10 0.36875 0.59609375 0.13125 0.1203125
33 0.6265625 0.6375000000000001 0.153125 0.15000000000000002
