4 0.1390625 0.0671875 0.10312500000000001 0.1
35 0.37734375000000003 0.09375 0.1328125 0.134375
14 0.6273437500000001 0.125 0.13593750000000002 0.140625
18 0.84140625 0.125 0.1265625 0.12812500000000002
23 0.12890625 0.37109375 0.1546875 0.1234375
21 0.34921875 0.37031250000000004 0.1203125 0.12187500000000001
23 0.6312500000000001 0.371875 0.15937500000000002 0.15937500000000002
1 0.87890625 0.34218750000000003 0.13593750000000002 0.1375
19 0.12109375 0.59296875 0.1203125 0.1171875
14 0.34921875 0.6156250000000001 0.0765625 0.08125
19 0.6171875 0.6390625000000001 0.10625000000000001 0.14375000000000002
24 0.8601562500000001 0.6359375 0.1015625 0.10625000000000001
32 0.1015625 0.85078125 0.096875 0.0921875
