22 0.115625 0.13593750000000002 0.15937500000000002 0.15937500000000002
3 0.3515625 0.07265625 0.07500000000000001 0.1046875
32 0.634375 0.11093750000000001 0.15000000000000002 0.146875
21 0.884375 0.08750000000000001 0.11875000000000001 0.11875000000000001
18 0.1328125 0.3375 0.125 0.11875000000000001
0 0.38984375000000004 0.32578125 0.1265625 0.1234375
31 0.59609375 0.36328125 0.0890625 0.08281250000000001
33 0.85703125 0.384375 0.0921875 0.10625000000000001
27 0.13203125000000002 0.59921875 0.1453125 0.1453125
4 0.36328125 0.6171875 0.11093750000000001 0.146875
6 0.6179687500000001 0.65546875 0.1234375 0.1484375
15 0.8835937500000001 0.5953125 0.1265625 0.12187500000000001
13 0.10390625 0.8296875 0.1078125 0.1125
