32 0.11875000000000001 0.08984375 0.12187500000000001 0.1171875
19 0.36171875000000003 0.15078125 0.1046875 0.1484375
16 0.6078125000000001 0.0921875 0.15937500000000002 0.15937500000000002
29 0.8812500000000001 0.13593750000000002 0.125 0.13125
23 0.12265625000000001 0.37421875000000004 0.1421875 0.1421875
35 0.37578125 0.403125 0.1390625 0.15625
19 0.6203125 0.37343750000000003 0.15625 0.15000000000000002
4 0.8796875000000001 0.33203125 0.115625 0.1171875
16 0.1078125 0.609375 0.1 0.10625000000000001
1 0.36484375 0.6546875000000001 0.1046875 0.11875000000000001
