30 0.1203125 0.1328125 0.184375 0.184375
30 0.37734375000000003 0.13828125 0.15156250000000002 0.15156250000000002
16 0.6234375000000001 0.13984375000000002 0.19062500000000002 0.18906250000000002
2 0.8609375 0.1328125 0.1625 0.15937500000000002
10 0.1234375 0.39296875000000003 0.1375 0.13593750000000002
20 0.3796875 0.38828125 0.15000000000000002 0.1453125
27 0.59296875 0.3921875 0.1640625 0.16562500000000002
25 0.87421875 0.36562500000000003 0.1796875 0.18125000000000002
10 0.10390625 0.6257812500000001 0.13593750000000002 0.13593750000000002
10 0.33906250000000004 0.5875 0.125 0.125
18 0.5750000000000001 0.65546875 0.046875 0.1265625
