23 0.14375000000000002 0.11875000000000001 0.18125000000000002 0.17500000000000002
9 0.37109375 0.10234375000000001 0.1203125 0.11406250000000001
32 0.6312500000000001 0.09140625000000001 0.21875 0.2109375
17 0.86484375 0.140625 0.09531250000000001 0.134375
32 0.14765625000000002 0.375 0.15156250000000002 0.13125
0 0.34609375000000003 0.36875 0.1328125 0.125
20 0.6570312500000001 0.39687500000000003 0.18906250000000002 0.146875
6 0.86484375 0.328125 0.0765625 0.109375
6 0.12265625000000001 0.6257812500000001 0.1421875 0.1609375
13 0.3984375 0.64453125 0.16562500000000002 0.16718750000000002
21 0.61640625 0.634375 0.1421875 0.16875
