29 0.11875000000000001 0.11640625 0.14375000000000002 0.1421875
0 0.36640625000000004 0.08515625 0.07968750000000001 0.09843750000000001
25 0.6171875 0.115625 0.13125 0.13125
13 0.87265625 0.12109375 0.1203125 0.1234375
7 0.11015625000000001 0.33984375 0.0671875 0.1015625
2 0.35625 0.321875 0.08750000000000001 0.10625000000000001
21 0.6140625000000001 0.32890625 0.09062500000000001 0.11093750000000001
2 0.85703125 0.38984375000000004 0.1265625 0.1234375
2 0.1125 0.6117187500000001 0.140625 0.13593750000000002
4 0.35546875 0.6257812500000001 0.0890625 0.1078125
5 0.59765625 0.62109375 0.09843750000000001 0.1203125
24 0.8671875 0.6351562500000001 0.12812500000000002 0.1265625
16 0.09765625 0.8515625 0.1546875 0.15625
