11 0.10703125000000001 0.115625 0.09843750000000001 0.140625
11 0.37109375 0.10234375000000001 0.13593750000000002 0.1453125
3 0.6000000000000001 0.07578125000000001 0.09375 0.1046875
4 0.8460937500000001 0.1375 0.07968750000000001 0.10312500000000001
31 0.09921875000000001 0.37265625 0.0703125 0.1015625
16 0.35234375 0.36328125 0.1171875 0.1171875
7 0.6046875 0.33906250000000004 0.078125 0.096875
18 0.8343750000000001 0.36875 0.059375000000000004 0.096875
24 0.1 0.6062500000000001 0.12812500000000002 0.13125
26 0.375 0.60703125 0.12812500000000002 0.1296875
17 0.6179687500000001 0.6101562500000001 0.1171875 0.1171875
2 0.8390625 0.6000000000000001 0.096875 0.115625
1 0.09531250000000001 0.86640625 0.08750000000000001 0.1046875
5 0.38593750000000004 0.8578125000000001 0.1625 0.15937500000000002
26 0.6335937500000001 0.8757812500000001 0.18281250000000002 0.18906250000000002
