25 0.12890625 0.1015625 0.15781250000000002 0.15625
32 0.39296875000000003 0.14140625 0.22031250000000002 0.2265625
7 0.59609375 0.11796875000000001 0.08281250000000001 0.1046875
16 0.8734375000000001 0.07187500000000001 0.096875 0.10312500000000001
16 0.10234375000000001 0.36250000000000004 0.1203125 0.12812500000000002
5 0.321875 0.321875 0.08125 0.09062500000000001
18 0.5953125 0.325 0.053125000000000006 0.10312500000000001
1 0.8671875 0.3515625 0.10625000000000001 0.11875000000000001
31 0.11640625 0.6414062500000001 0.1296875 0.1265625
16 0.34296875000000004 0.5750000000000001 0.051562500000000004 0.084375
2 0.6046875 0.6335937500000001 0.12812500000000002 0.13593750000000002
5 0.87265625 0.6335937500000001 0.1265625 0.13593750000000002
15 0.1265625 0.82734375 0.08750000000000001 0.0890625
