20 0.146875 0.1265625 0.178125 0.1375
29 0.38984375000000004 0.0765625 0.09531250000000001 0.096875
20 0.59765625 0.0765625 0.1078125 0.115625
35 0.86640625 0.11875000000000001 0.13593750000000002 0.1375
34 0.15156250000000002 0.3953125 0.134375 0.146875
7 0.35078125000000004 0.33906250000000004 0.0734375 0.09375
9 0.603125 0.35000000000000003 0.10312500000000001 0.10625000000000001
20 0.8773437500000001 0.3609375 0.16718750000000002 0.171875
18 0.08984375 0.6328125 0.060937500000000006 0.1
8 0.3515625 0.6257812500000001 0.1 0.1296875
