3 0.10234375000000001 0.13359375 0.09843750000000001 0.09843750000000001
8 0.35703125 0.146875 0.09843750000000001 0.1375
9 0.58203125 0.15156250000000002 0.13593750000000002 0.14375000000000002
33 0.8382812500000001 0.12421875 0.1203125 0.1171875
7 0.1078125 0.38359375 0.1125 0.1171875
19 0.33437500000000003 0.31562500000000004 0.046875 0.084375
31 0.5875 0.33125000000000004 0.109375 0.10312500000000001
19 0.8367187500000001 0.32890625 0.0546875 0.0921875
8 0.12890625 0.57421875 0.09531250000000001 0.1015625
31 0.35000000000000003 0.63984375 0.153125 0.1484375
31 0.6468750000000001 0.628125 0.16562500000000002 0.1625
17 0.8703125 0.63828125 0.15625 0.1484375
5 0.12734375 0.8234375 0.0890625 0.096875
31 0.34609375000000003 0.87109375 0.1171875 0.11406250000000001
