29 0.11328125 0.14296875 0.1265625 0.13593750000000002
25 0.35781250000000003 0.09765625 0.12187500000000001 0.1390625
11 0.6218750000000001 0.1078125 0.178125 0.178125
14 0.84296875 0.09921875000000001 0.09843750000000001 0.1046875
18 0.10234375000000001 0.35234375 0.11406250000000001 0.11093750000000001
34 0.33359375 0.36015625 0.1390625 0.13593750000000002
34 0.64453125 0.33984375 0.1484375 0.1453125
24 0.8671875 0.36562500000000003 0.16875 0.16875
23 0.115625 0.6351562500000001 0.12812500000000002 0.1390625
25 0.37109375 0.6046875 0.1703125 0.171875
