18 0.13046875 0.06953125 0.1078125 0.1078125
18 0.328125 0.14453125 0.0625 0.0671875
15 0.6195312500000001 0.13359375 0.1078125 0.1171875
14 0.8500000000000001 0.11796875000000001 0.11875000000000001 0.1296875
18 0.1046875 0.3328125 0.05625 0.08125
32 0.3953125 0.34218750000000003 0.184375 0.1875
24 0.62421875 0.36250000000000004 0.11406250000000001 0.11875000000000001
17 0.86875 0.38906250000000003 0.1625 0.16875
0 0.13671875 0.65546875 0.1453125 0.1453125
33 0.353125 0.57578125 0.09062500000000001 0.0890625
3 0.6039062500000001 0.61640625 0.1046875 0.1171875
