23 0.10703125000000001 0.1078125 0.1296875 0.13125
17 0.390625 0.11875000000000001 0.1875 0.1875
1 0.6125 0.07578125000000001 0.078125 0.1078125
10 0.8562500000000001 0.07890625000000001 0.09062500000000001 0.0859375
16 0.10703125000000001 0.38203125000000004 0.1390625 0.1296875
20 0.37031250000000004 0.34296875000000004 0.125 0.1234375
33 0.63984375 0.37890625 0.1796875 0.1796875
25 0.86640625 0.3671875 0.1546875 0.153125
33 0.13515625 0.6125 0.1609375 0.16562500000000002
10 0.384375 0.6570312500000001 0.15937500000000002 0.1703125
16 0.6429687500000001 0.64375 0.17343750000000002 0.171875
