2 0.1078125 0.08984375 0.1125 0.1234375
23 0.38593750000000004 0.09765625 0.1375 0.1390625
4 0.6023437500000001 0.11796875000000001 0.08281250000000001 0.1046875
6 0.87109375 0.12109375 0.1546875 0.1640625
20 0.096875 0.36484375 0.10312500000000001 0.1078125
1 0.34296875000000004 0.38359375 0.0734375 0.1046875
14 0.59375 0.36484375 0.12187500000000001 0.1171875
1 0.88046875 0.3765625 0.1171875 0.15625
18 0.13046875 0.6484375 0.1203125 0.12187500000000001
1 0.359375 0.6609375000000001 0.08125 0.13125
4 0.59921875 0.62890625 0.1421875 0.1328125
21 0.846875 0.6234375000000001 0.05 0.109375
