9 0.10703125000000001 0.15703125 0.0921875 0.1390625
4 0.38046875 0.15156250000000002 0.1453125 0.146875
4 0.6171875 0.1125 0.146875 0.1625
8 0.84765625 0.08281250000000001 0.0671875 0.08750000000000001
24 0.12109375 0.37109375 0.1484375 0.1484375
7 0.37343750000000003 0.35703125 0.12812500000000002 0.1453125
11 0.60703125 0.371875 0.1296875 0.13125
35 0.859375 0.35703125 0.146875 0.1484375
16 0.134375 0.6648437500000001 0.1625 0.1921875
16 0.3640625 0.65 0.15937500000000002 0.15937500000000002
33 0.59921875 0.6171875 0.1421875 0.14375000000000002
16 0.8734375000000001 0.6703125000000001 0.12812500000000002 0.17500000000000002
22 0.15781250000000002 0.8500000000000001 0.153125 0.153125
