20 0.09296875 0.0921875 0.15781250000000002 0.15937500000000002
1 0.33984375 0.11093750000000001 0.0765625 0.09062500000000001
35 0.6203125 0.09375 0.1375 0.140625
20 0.878125 0.11796875000000001 0.153125 0.1328125
33 0.084375 0.36250000000000004 0.12187500000000001 0.125
6 0.36015625 0.3796875 0.11093750000000001 0.10625000000000001
21 0.6039062500000001 0.340625 0.0734375 0.084375
7 0.875 0.40234375 0.14375000000000002 0.1453125
14 0.08125 0.62109375 0.125 0.11406250000000001
4 0.3640625 0.6109375 0.146875 0.15625
7 0.6328125 0.6117187500000001 0.134375 0.1453125
15 0.890625 0.6078125000000001 0.15937500000000002 0.1625
8 0.12109375 0.8148437500000001 0.0859375 0.1015625
13 0.35390625000000003 0.88828125 0.09843750000000001 0.1078125
34 0.6078125000000001 0.8484375000000001 0.1125 0.1125
