14 0.11953125 0.1 0.1421875 0.146875
19 0.36562500000000003 0.1203125 0.13125 0.12187500000000001
4 0.596875 0.11953125 0.12187500000000001 0.1203125
13 0.8304687500000001 0.11171875 0.11093750000000001 0.11093750000000001
6 0.1265625 0.35468750000000004 0.1375 0.14375000000000002
17 0.38828125 0.3484375 0.1328125 0.134375
15 0.61328125 0.321875 0.0890625 0.09375
19 0.853125 0.37890625 0.1375 0.1484375
3 0.09296875 0.6171875 0.1046875 0.109375
7 0.36875 0.5906250000000001 0.06875 0.09062500000000001
16 0.61640625 0.58203125 0.09531250000000001 0.1046875
22 0.87421875 0.62265625 0.15156250000000002 0.1546875
34 0.109375 0.83515625 0.1 0.11406250000000001
1 0.37421875000000004 0.8734375000000001 0.0703125 0.13125
12 0.6078125000000001 0.8546875 0.15625 0.1625
21 0.86640625 0.8851562500000001 0.1328125 0.13593750000000002
