33 0.084375 0.11093750000000001 0.125 0.125
6 0.3765625 0.14296875 0.15625 0.15781250000000002
14 0.5921875 0.1078125 0.065625 0.07187500000000001
33 0.8796875000000001 0.07500000000000001 0.109375 0.10625000000000001
18 0.1015625 0.39609375 0.115625 0.11406250000000001
19 0.37421875000000004 0.37578125 0.1703125 0.1765625
30 0.628125 0.32109375 0.11875000000000001 0.1171875
27 0.8953125000000001 0.3921875 0.16562500000000002 0.16875
5 0.15078125 0.57265625 0.09531250000000001 0.0890625
23 0.35625 0.61875 0.1125 0.115625
6 0.596875 0.5921875 0.09062500000000001 0.12187500000000001
3 0.8640625000000001 0.64609375 0.134375 0.1296875
26 0.07109375 0.8546875 0.11406250000000001 0.1125
26 0.37343750000000003 0.86640625 0.146875 0.1484375
29 0.62265625 0.84375 0.1296875 0.134375
