3 0.096875 0.1453125 0.14375000000000002 0.1625
3 0.34140625 0.11875000000000001 0.0734375 0.096875
35 0.60546875 0.16953125000000002 0.08281250000000001 0.1296875
7 0.8382812500000001 0.12265625000000001 0.0921875 0.1015625
6 0.109375 0.33437500000000003 0.09375 0.11875000000000001
13 0.35078125000000004 0.38203125000000004 0.13593750000000002 0.1453125
17 0.6218750000000001 0.384375 0.1375 0.1375
25 0.8773437500000001 0.3515625 0.1390625 0.140625
31 0.11171875 0.6117187500000001 0.1328125 0.13593750000000002
26 0.37343750000000003 0.63984375 0.140625 0.1421875
30 0.6328125 0.6015625 0.16562500000000002 0.171875
