3 0.09140625000000001 0.12109375 0.1421875 0.1328125
0 0.34296875000000004 0.11796875000000001 0.0546875 0.0859375
25 0.59921875 0.12734375 0.1234375 0.13593750000000002
14 0.8601562500000001 0.1203125 0.1328125 0.13125
4 0.13828125 0.32343750000000004 0.11406250000000001 0.11875000000000001
25 0.38046875 0.35781250000000003 0.1296875 0.140625
8 0.6023437500000001 0.36562500000000003 0.07968750000000001 0.12187500000000001
25 0.88203125 0.40156250000000004 0.13593750000000002 0.125
5 0.09062500000000001 0.61328125 0.134375 0.1390625
10 0.3515625 0.6328125 0.10625000000000001 0.10312500000000001
10 0.60546875 0.6390625000000001 0.1078125 0.10625000000000001
