10 0.10546875 0.1421875 0.15781250000000002 0.1625
22 0.32578125 0.09843750000000001 0.1046875 0.10312500000000001
13 0.60703125 0.07500000000000001 0.09531250000000001 0.1125
0 0.84140625 0.09140625000000001 0.1265625 0.1296875
9 0.08671875000000001 0.384375 0.1328125 0.13125
18 0.3515625 0.39609375 0.065625 0.1265625
4 0.6109375 0.3515625 0.096875 0.109375
24 0.890625 0.36796875 0.16562500000000002 0.1640625
25 0.1046875 0.63671875 0.10625000000000001 0.1015625
3 0.35703125 0.61640625 0.1015625 0.1203125
