34 0.11640625 0.10859375 0.15156250000000002 0.1390625
0 0.36562500000000003 0.109375 0.125 0.146875
31 0.6296875000000001 0.16640625 0.125 0.1546875
9 0.8546875 0.13515625 0.096875 0.1078125
11 0.10859375 0.39453125 0.09531250000000001 0.0921875
21 0.37890625 0.4078125 0.1203125 0.153125
19 0.58984375 0.38125000000000003 0.0703125 0.115625
24 0.8851562500000001 0.38593750000000004 0.15781250000000002 0.15937500000000002
26 0.11953125 0.6515625 0.1859375 0.184375
13 0.353125 0.6179687500000001 0.1375 0.1390625
15 0.6023437500000001 0.59140625 0.15156250000000002 0.1546875
29 0.89453125 0.60546875 0.13593750000000002 0.15156250000000002
15 0.11093750000000001 0.86328125 0.1125 0.1171875
9 0.35234375 0.86875 0.15781250000000002 0.146875
20 0.62265625 0.8406250000000001 0.1203125 0.109375
