17 0.12812500000000002 0.07890625000000001 0.1125 0.1234375
6 0.36562500000000003 0.09531250000000001 0.084375 0.08750000000000001
4 0.64609375 0.07968750000000001 0.1234375 0.12187500000000001
14 0.87265625 0.1078125 0.1390625 0.1375
16 0.09140625000000001 0.36250000000000004 0.0859375 0.109375
6 0.35390625000000003 0.3671875 0.0890625 0.125
0 0.63671875 0.40390625 0.1328125 0.1640625
0 0.8500000000000001 0.37578125 0.12187500000000001 0.1171875
25 0.1421875 0.59375 0.13125 0.125
20 0.36171875000000003 0.603125 0.1015625 0.109375
