10 0.10312500000000001 0.11484375000000001 0.146875 0.1484375
35 0.35234375 0.13125 0.0734375 0.08750000000000001
31 0.60703125 0.13359375 0.1234375 0.1328125
2 0.81171875 0.1015625 0.1015625 0.10312500000000001
18 0.09921875000000001 0.34921875 0.09531250000000001 0.11093750000000001
17 0.37265625 0.37812500000000004 0.1484375 0.1625
11 0.6203125 0.34765625 0.171875 0.1765625
27 0.8562500000000001 0.37812500000000004 0.11875000000000001 0.1375
28 0.10625000000000001 0.5765625 0.08125 0.10312500000000001
8 0.3765625 0.6156250000000001 0.153125 0.14375000000000002
11 0.65234375 0.6101562500000001 0.17343750000000002 0.17343750000000002
4 0.86328125 0.6359375 0.1015625 0.134375
27 0.1265625 0.88203125 0.153125 0.1546875
22 0.36953125000000003 0.89609375 0.1703125 0.1703125
10 0.6156250000000001 0.8859375 0.134375 0.1375
