30 0.12812500000000002 0.12812500000000002 0.1125 0.14375000000000002
23 0.353125 0.109375 0.1375 0.140625
18 0.6203125 0.0859375 0.12187500000000001 0.134375
0 0.853125 0.1375 0.10625000000000001 0.12187500000000001
25 0.1015625 0.37812500000000004 0.0625 0.1125
0 0.35000000000000003 0.31562500000000004 0.059375000000000004 0.084375
5 0.596875 0.38125000000000003 0.096875 0.1
24 0.8679687500000001 0.38593750000000004 0.1265625 0.13125
4 0.1078125 0.584375 0.109375 0.125
18 0.34375 0.63046875 0.10625000000000001 0.1453125
2 0.6000000000000001 0.625 0.10625000000000001 0.1125
4 0.859375 0.6328125 0.134375 0.125
