1 0.11406250000000001 0.10859375 0.09375 0.1078125
32 0.36640625000000004 0.12187500000000001 0.1421875 0.14375000000000002
6 0.6203125 0.1171875 0.10625000000000001 0.134375
13 0.8835937500000001 0.08984375 0.1265625 0.1265625
2 0.10859375 0.403125 0.1046875 0.12812500000000002
19 0.38593750000000004 0.33437500000000003 0.140625 0.146875
5 0.5875 0.33046875000000003 0.084375 0.0921875
25 0.84921875 0.3640625 0.1328125 0.13125
16 0.11484375000000001 0.5828125000000001 0.09843750000000001 0.1
21 0.38203125000000004 0.60859375 0.15156250000000002 0.1484375
1 0.6140625000000001 0.6265625 0.09375 0.125
26 0.8484375000000001 0.6125 0.10625000000000001 0.12187500000000001
26 0.14765625000000002 0.9171875 0.17343750000000002 0.184375
16 0.35625 0.8609375 0.1 0.10312500000000001
