2 0.12421875 0.14296875 0.1328125 0.1296875
20 0.38828125 0.12421875 0.1640625 0.1609375
13 0.6234375000000001 0.15078125 0.125 0.1328125
34 0.85859375 0.15078125 0.11093750000000001 0.1171875
6 0.10312500000000001 0.35546875 0.084375 0.1234375
4 0.34375 0.3453125 0.078125 0.10312500000000001
3 0.6101562500000001 0.35000000000000003 0.09531250000000001 0.1125
0 0.8601562500000001 0.3515625 0.1015625 0.140625
18 0.1078125 0.61640625 0.10625000000000001 0.1046875
4 0.34609375000000003 0.6179687500000001 0.1390625 0.1296875
31 0.6195312500000001 0.6257812500000001 0.1046875 0.11406250000000001
24 0.8835937500000001 0.63671875 0.18281250000000002 0.18281250000000002
22 0.13125 0.84375 0.2 0.203125
