18 0.14140625 0.16796875 0.1421875 0.1296875
12 0.34453125 0.09609375 0.1296875 0.1328125
29 0.6257812500000001 0.11093750000000001 0.1328125 0.13125
14 0.87109375 0.1125 0.1203125 0.15000000000000002
3 0.14140625 0.39375000000000004 0.1640625 0.1625
20 0.37421875000000004 0.37343750000000003 0.1046875 0.12812500000000002
7 0.5945312500000001 0.36250000000000004 0.0703125 0.08750000000000001
7 0.875 0.39140625 0.153125 0.1453125
17 0.10078125 0.6078125000000001 0.1078125 0.11875000000000001
13 0.35546875 0.6062500000000001 0.1453125 0.15000000000000002
5 0.5734375 0.5984375000000001 0.096875 0.10625000000000001
6 0.88828125 0.58046875 0.09843750000000001 0.09531250000000001
17 0.08671875000000001 0.86875 0.11406250000000001 0.115625
