8 0.10078125 0.15000000000000002 0.1765625 0.178125
0 0.35859375000000004 0.09843750000000001 0.1046875 0.1
18 0.59140625 0.1203125 0.09843750000000001 0.12812500000000002
29 0.8890625000000001 0.11093750000000001 0.17500000000000002 0.178125
16 0.11796875000000001 0.3796875 0.1265625 0.13125
27 0.37734375000000003 0.3765625 0.15781250000000002 0.15937500000000002
33 0.61328125 0.35625 0.1546875 0.146875
1 0.8812500000000001 0.4078125 0.134375 0.140625
33 0.10234375000000001 0.59609375 0.07968750000000001 0.08281250000000001
28 0.35859375000000004 0.5984375000000001 0.0859375 0.125
6 0.6015625 0.59375 0.084375 0.10312500000000001
17 0.8601562500000001 0.5789062500000001 0.0765625 0.09531250000000001
31 0.1046875 0.8562500000000001 0.12187500000000001 0.1125
28 0.32265625000000003 0.8500000000000001 0.1171875 0.115625
