17 0.1265625 0.09140625000000001 0.115625 0.11093750000000001
32 0.39140625 0.07734375 0.16718750000000002 0.1484375
4 0.61875 0.1046875 0.10625000000000001 0.109375
25 0.8695312500000001 0.1203125 0.11406250000000001 0.12187500000000001
11 0.07734375 0.33984375 0.0921875 0.09531250000000001
9 0.36875 0.36015625 0.13125 0.15781250000000002
13 0.6046875 0.35859375000000004 0.10625000000000001 0.11406250000000001
21 0.884375 0.32578125 0.109375 0.11406250000000001
35 0.1203125 0.6156250000000001 0.153125 0.153125
17 0.3484375 0.6101562500000001 0.12187500000000001 0.1171875
2 0.6296875000000001 0.5765625 0.109375 0.109375
26 0.8828125 0.6109375 0.209375 0.209375
