11 0.109375 0.11093750000000001 0.16562500000000002 0.16562500000000002
12 0.37421875000000004 0.09921875000000001 0.1296875 0.1328125
27 0.6312500000000001 0.125 0.17500000000000002 0.17500000000000002
9 0.84140625 0.13203125000000002 0.0671875 0.0921875
33 0.13984375000000002 0.34218750000000003 0.1421875 0.140625
31 0.35625 0.35390625000000003 0.10312500000000001 0.1015625
17 0.60703125 0.35078125000000004 0.1484375 0.1421875
4 0.83984375 0.3828125 0.1484375 0.146875
5 0.09531250000000001 0.6171875 0.109375 0.125
23 0.36328125 0.60703125 0.1078125 0.11406250000000001
3 0.6156250000000001 0.65546875 0.115625 0.1484375
30 0.8640625000000001 0.6421875 0.1125 0.1125
