27 0.12734375 0.14765625000000002 0.11406250000000001 0.1328125
11 0.3640625 0.1203125 0.1375 0.140625
20 0.6140625000000001 0.08984375 0.096875 0.1015625
10 0.84765625 0.10625000000000001 0.08281250000000001 0.07500000000000001
33 0.12421875 0.39296875000000003 0.1453125 0.1484375
23 0.3828125 0.32265625000000003 0.10312500000000001 0.1046875
27 0.6062500000000001 0.37343750000000003 0.1 0.09375
33 0.86875 0.35468750000000004 0.12812500000000002 0.1125
15 0.12421875 0.65546875 0.1296875 0.11406250000000001
10 0.36484375 0.6015625 0.15781250000000002 0.16875
35 0.61640625 0.6046875 0.1078125 0.115625
22 0.8460937500000001 0.6140625000000001 0.1078125 0.1
9 0.0921875 0.8656250000000001 0.1 0.11875000000000001
1 0.3359375 0.8578125000000001 0.07500000000000001 0.09375
2 0.609375 0.8835937500000001 0.08750000000000001 0.1328125
