18 0.11328125 0.109375 0.0890625 0.09375
15 0.32734375000000004 0.13046875 0.0921875 0.08281250000000001
34 0.58828125 0.10234375000000001 0.0921875 0.09531250000000001
2 0.87265625 0.07421875 0.09843750000000001 0.1046875
3 0.10546875 0.33906250000000004 0.0921875 0.115625
34 0.38359375 0.38593750000000004 0.1390625 0.140625
14 0.59609375 0.3984375 0.1484375 0.15000000000000002
21 0.87890625 0.34765625 0.1328125 0.1421875
5 0.11640625 0.65 0.1296875 0.134375
13 0.3640625 0.6109375 0.12812500000000002 0.140625
33 0.6179687500000001 0.65 0.15156250000000002 0.146875
