16 0.1078125 0.09375 0.12187500000000001 0.125
25 0.36015625 0.13984375000000002 0.11093750000000001 0.11093750000000001
7 0.59609375 0.13671875 0.09531250000000001 0.1015625
21 0.878125 0.09765625 0.13125 0.1484375
0 0.10312500000000001 0.37421875000000004 0.08750000000000001 0.09531250000000001
26 0.39453125 0.37578125 0.2109375 0.2078125
4 0.60078125 0.3828125 0.1265625 0.134375
16 0.84375 0.36171875000000003 0.07500000000000001 0.09531250000000001
14 0.13984375000000002 0.60078125 0.1546875 0.1546875
4 0.35000000000000003 0.63984375 0.12187500000000001 0.1421875
10 0.6265625 0.61640625 0.16562500000000002 0.17343750000000002
3 0.8695312500000001 0.65625 0.1265625 0.15937500000000002
10 0.11406250000000001 0.8703125 0.15625 0.15000000000000002
6 0.36640625000000004 0.853125 0.07968750000000001 0.115625
15 0.63671875 0.83125 0.1265625 0.13125
