16 0.1453125 0.10390625 0.15625 0.1609375
23 0.3515625 0.08750000000000001 0.140625 0.140625
3 0.6117187500000001 0.1390625 0.1078125 0.134375
31 0.8578125000000001 0.09453125000000001 0.10312500000000001 0.09843750000000001
18 0.10703125000000001 0.39609375 0.1265625 0.13593750000000002
24 0.33046875000000003 0.36640625000000004 0.0921875 0.09843750000000001
0 0.6351562500000001 0.3828125 0.1390625 0.146875
6 0.8851562500000001 0.36484375 0.1328125 0.1390625
17 0.10078125 0.60546875 0.0859375 0.0921875
28 0.325 0.5945312500000001 0.10625000000000001 0.1078125
26 0.59296875 0.65234375 0.15781250000000002 0.16718750000000002
31 0.86484375 0.6273437500000001 0.15156250000000002 0.1609375
2 0.0921875 0.8539062500000001 0.07500000000000001 0.0921875
8 0.33984375 0.8718750000000001 0.09843750000000001 0.096875
26 0.64765625 0.8656250000000001 0.1765625 0.184375
