34 0.11406250000000001 0.12890625 0.146875 0.15156250000000002
4 0.340625 0.11093750000000001 0.125 0.1375
0 0.61875 0.13203125000000002 0.10312500000000001 0.13593750000000002
2 0.85078125 0.12187500000000001 0.1421875 0.153125
4 0.11796875000000001 0.38906250000000003 0.1328125 0.134375
11 0.34765625 0.36796875 0.1328125 0.1265625
8 0.60078125 0.36953125000000003 0.15781250000000002 0.1546875
8 0.85859375 0.38046875 0.15156250000000002 0.15156250000000002
0 0.109375 0.6429687500000001 0.096875 0.1203125
11 0.40625 0.6351562500000001 0.1875 0.18906250000000002
24 0.6117187500000001 0.625 0.1453125 0.146875
13 0.85703125 0.6421875 0.17343750000000002 0.16875
