16 0.109375 0.13671875 0.109375 0.1078125
33 0.35078125000000004 0.1265625 0.1015625 0.1
27 0.61328125 0.11406250000000001 0.1484375 0.14375000000000002
4 0.8773437500000001 0.084375 0.11093750000000001 0.1125
4 0.10859375 0.3828125 0.1703125 0.16562500000000002
33 0.37109375 0.35625 0.13593750000000002 0.12187500000000001
0 0.61484375 0.3765625 0.1203125 0.12812500000000002
33 0.8695312500000001 0.38203125000000004 0.1421875 0.1421875
19 0.09375 0.61875 0.08750000000000001 0.1375
21 0.3671875 0.6218750000000001 0.14375000000000002 0.146875
13 0.6273437500000001 0.578125 0.1234375 0.125
24 0.85078125 0.62109375 0.1296875 0.1296875
35 0.11328125 0.87265625 0.09531250000000001 0.1171875
