9 0.1296875 0.08984375 0.10312500000000001 0.1171875
9 0.3328125 0.11406250000000001 0.09062500000000001 0.09062500000000001
3 0.59921875 0.10859375 0.07968750000000001 0.11093750000000001
34 0.8515625 0.09062500000000001 0.096875 0.09375
27 0.12265625000000001 0.34453125 0.11093750000000001 0.11093750000000001
10 0.34296875000000004 0.371875 0.1203125 0.12187500000000001
25 0.6046875 0.33984375 0.08750000000000001 0.09531250000000001
26 0.89453125 0.38984375000000004 0.1765625 0.1765625
0 0.09765625 0.6421875 0.15781250000000002 0.171875
15 0.38203125000000004 0.60546875 0.17343750000000002 0.1796875
21 0.5890625 0.6078125000000001 0.08750000000000001 0.10312500000000001
24 0.8859375 0.58125 0.125 0.12812500000000002
23 0.1171875 0.8656250000000001 0.15000000000000002 0.15000000000000002
