34 0.1078125 0.1265625 0.12812500000000002 0.12812500000000002
9 0.34375 0.1265625 0.10312500000000001 0.096875
31 0.6101562500000001 0.11875000000000001 0.1203125 0.1125
3 0.8500000000000001 0.1125 0.078125 0.1
16 0.09609375 0.33515625000000004 0.060937500000000006 0.0890625
5 0.38125000000000003 0.36484375 0.153125 0.1703125
5 0.62265625 0.34687500000000004 0.1078125 0.134375
35 0.8734375000000001 0.35390625000000003 0.115625 0.11406250000000001
14 0.08515625 0.58203125 0.11093750000000001 0.1203125
19 0.35625 0.6117187500000001 0.09062500000000001 0.1484375
30 0.64375 0.6609375000000001 0.146875 0.15000000000000002
7 0.87109375 0.5710937500000001 0.09843750000000001 0.1046875
22 0.171875 0.88046875 0.21875 0.2078125
4 0.36250000000000004 0.828125 0.08750000000000001 0.10625000000000001
