4 0.1046875 0.0703125 0.07500000000000001 0.09375
35 0.3609375 0.12265625000000001 0.14375000000000002 0.1453125
13 0.6039062500000001 0.11796875000000001 0.1171875 0.1171875
8 0.8609375 0.065625 0.08125 0.1
6 0.12187500000000001 0.34453125 0.13125 0.1390625
0 0.35390625000000003 0.37265625 0.07968750000000001 0.1203125
27 0.6257812500000001 0.3671875 0.1484375 0.15000000000000002
25 0.8617187500000001 0.37578125 0.09531250000000001 0.1203125
13 0.13828125 0.596875 0.1453125 0.15625
19 0.32734375000000004 0.62421875 0.1015625 0.1015625
2 0.63671875 0.6453125000000001 0.15781250000000002 0.15625
30 0.8656250000000001 0.6078125000000001 0.125 0.125
