13 0.12265625000000001 0.1234375 0.1390625 0.1375
7 0.35859375000000004 0.12578125 0.1453125 0.1421875
2 0.61640625 0.0859375 0.09531250000000001 0.09375
24 0.8671875 0.13359375 0.1375 0.1390625
34 0.13828125 0.35390625000000003 0.1390625 0.1484375
6 0.38828125 0.36796875 0.1421875 0.1484375
13 0.62265625 0.36250000000000004 0.16718750000000002 0.16562500000000002
30 0.8578125000000001 0.38828125 0.140625 0.1390625
27 0.11015625000000001 0.628125 0.1328125 0.13125
27 0.36640625000000004 0.6109375 0.1203125 0.12187500000000001
28 0.60703125 0.6023437500000001 0.1421875 0.15781250000000002
17 0.8625 0.6359375 0.1125 0.115625
3 0.1015625 0.87109375 0.125 0.1484375
6 0.3515625 0.8835937500000001 0.09375 0.1234375
