21 0.09765625 0.11093750000000001 0.1171875 0.12812500000000002
10 0.3796875 0.12187500000000001 0.153125 0.153125
27 0.6140625000000001 0.08671875000000001 0.096875 0.09843750000000001
9 0.8523437500000001 0.13359375 0.11406250000000001 0.1390625
19 0.1125 0.36250000000000004 0.17500000000000002 0.171875
10 0.39140625 0.3359375 0.1390625 0.1375
28 0.58984375 0.35859375000000004 0.11093750000000001 0.11406250000000001
27 0.87421875 0.34218750000000003 0.1203125 0.12187500000000001
35 0.09453125000000001 0.6453125000000001 0.0859375 0.096875
15 0.37265625 0.6203125 0.1484375 0.16875
32 0.5906250000000001 0.60546875 0.1375 0.13593750000000002
5 0.83984375 0.65390625 0.1546875 0.16718750000000002
28 0.09843750000000001 0.8289062500000001 0.06875 0.1046875
17 0.3671875 0.8734375000000001 0.1375 0.1375
33 0.60546875 0.8546875 0.1265625 0.134375
