0 0.1125 0.11640625 0.140625 0.15156250000000002
3 0.34375 0.0703125 0.059375000000000004 0.09062500000000001
11 0.6156250000000001 0.10078125 0.11875000000000001 0.1203125
8 0.87890625 0.09453125000000001 0.1171875 0.1171875
20 0.13359375 0.34609375000000003 0.1234375 0.1234375
7 0.35000000000000003 0.38359375 0.09375 0.09843750000000001
10 0.61328125 0.38984375000000004 0.1234375 0.1234375
20 0.890625 0.35468750000000004 0.14375000000000002 0.14375000000000002
31 0.12734375 0.6312500000000001 0.13593750000000002 0.1375
16 0.38046875 0.6335937500000001 0.15781250000000002 0.15781250000000002
11 0.6117187500000001 0.58125 0.08281250000000001 0.096875
11 0.8562500000000001 0.6351562500000001 0.15000000000000002 0.15156250000000002
23 0.146875 0.89375 0.21875 0.18125000000000002
