23 0.1203125 0.13593750000000002 0.13125 0.134375
19 0.33046875000000003 0.1203125 0.0765625 0.10312500000000001
11 0.59765625 0.11406250000000001 0.1203125 0.125
13 0.8703125 0.07500000000000001 0.09062500000000001 0.10312500000000001
4 0.1078125 0.37343750000000003 0.134375 0.15937500000000002
33 0.371875 0.34609375000000003 0.203125 0.19843750000000002
26 0.59375 0.36328125 0.115625 0.1234375
3 0.8609375 0.39375000000000004 0.134375 0.14375000000000002
18 0.059375000000000004 0.603125 0.046875 0.07500000000000001
22 0.4109375 0.6062500000000001 0.15625 0.16562500000000002
21 0.628125 0.6507812500000001 0.1375 0.1234375
11 0.84765625 0.63984375 0.0703125 0.1015625
24 0.1234375 0.8625 0.109375 0.115625
13 0.3640625 0.8382812500000001 0.1 0.09531250000000001
1 0.5867187500000001 0.86640625 0.0546875 0.09531250000000001
31 0.86875 0.86875 0.125 0.115625
