19 0.115625 0.1078125 0.11875000000000001 0.12187500000000001
20 0.36484375 0.10390625 0.15156250000000002 0.1390625
33 0.60859375 0.11484375000000001 0.1296875 0.1296875
33 0.84765625 0.1171875 0.15156250000000002 0.15000000000000002
20 0.11796875000000001 0.37265625 0.1390625 0.1390625
19 0.3515625 0.36015625 0.12187500000000001 0.1328125
2 0.6140625000000001 0.34687500000000004 0.1125 0.115625
19 0.8734375000000001 0.36953125000000003 0.15000000000000002 0.1484375
28 0.1078125 0.6484375 0.1 0.13125
35 0.35078125000000004 0.5765625 0.060937500000000006 0.078125
28 0.59765625 0.6414062500000001 0.0765625 0.1171875
14 0.82421875 0.61328125 0.09531250000000001 0.09531250000000001
