11 0.109375 0.09921875000000001 0.10625000000000001 0.11093750000000001
20 0.36484375 0.11093750000000001 0.13593750000000002 0.13125
23 0.6062500000000001 0.11953125 0.10312500000000001 0.1015625
19 0.83984375 0.1453125 0.09843750000000001 0.1
21 0.12421875 0.35859375000000004 0.1453125 0.1453125
18 0.35781250000000003 0.34296875000000004 0.10625000000000001 0.1078125
35 0.6023437500000001 0.3765625 0.1453125 0.146875
7 0.88984375 0.3609375 0.1171875 0.134375
33 0.1328125 0.6468750000000001 0.15000000000000002 0.15000000000000002
1 0.36250000000000004 0.62265625 0.10312500000000001 0.1265625
21 0.6218750000000001 0.6421875 0.125 0.153125
18 0.859375 0.60078125 0.084375 0.0890625
3 0.08750000000000001 0.8671875 0.115625 0.109375
9 0.33984375 0.84140625 0.0890625 0.1171875
