34 0.08281250000000001 0.109375 0.1 0.1
34 0.3875 0.1375 0.171875 0.171875
1 0.59765625 0.1453125 0.09531250000000001 0.096875
12 0.8609375 0.11640625 0.109375 0.1296875
9 0.1 0.3875 0.15625 0.16875
19 0.33671875 0.34765625 0.13593750000000002 0.13593750000000002
20 0.61328125 0.32890625 0.1046875 0.09531250000000001
28 0.8578125000000001 0.35546875 0.140625 0.1453125
21 0.0921875 0.6000000000000001 0.13125 0.1375
5 0.33671875 0.6015625 0.1390625 0.1375
18 0.58203125 0.6023437500000001 0.0671875 0.0890625
8 0.8460937500000001 0.61484375 0.0734375 0.1015625
