26 0.1265625 0.15781250000000002 0.125 0.146875
7 0.36484375 0.14375000000000002 0.1015625 0.096875
25 0.6109375 0.1453125 0.15000000000000002 0.16562500000000002
22 0.8515625 0.09062500000000001 0.084375 0.08125
35 0.11484375000000001 0.3921875 0.17343750000000002 0.17500000000000002
20 0.38125000000000003 0.38125000000000003 0.146875 0.14375000000000002
0 0.59140625 0.37031250000000004 0.09531250000000001 0.10312500000000001
3 0.85546875 0.38046875 0.0890625 0.11093750000000001
13 0.10390625 0.59375 0.0890625 0.09062500000000001
5 0.35625 0.6203125 0.09375 0.1125
