11 0.1078125 0.13203125000000002 0.084375 0.1296875
18 0.32890625 0.11484375000000001 0.0328125 0.0921875
23 0.6578125 0.12890625 0.21875 0.1796875
33 0.8640625000000001 0.1453125 0.14375000000000002 0.15625
1 0.07968750000000001 0.32890625 0.07500000000000001 0.09531250000000001
10 0.375 0.3671875 0.140625 0.146875
4 0.59921875 0.3671875 0.0859375 0.1125
0 0.85546875 0.39140625 0.11406250000000001 0.1296875
22 0.1 0.62421875 0.109375 0.1078125
2 0.3640625 0.6273437500000001 0.16875 0.1703125
12 0.6062500000000001 0.6000000000000001 0.08125 0.125
3 0.8609375 0.6414062500000001 0.16875 0.1765625
7 0.10390625 0.8421875000000001 0.08281250000000001 0.09375
24 0.37343750000000003 0.8515625 0.12812500000000002 0.12812500000000002
26 0.63046875 0.84765625 0.1390625 0.1390625
