21 0.08984375 0.12578125 0.0921875 0.1078125
4 0.359375 0.08828125 0.1 0.1015625
17 0.62109375 0.10625000000000001 0.1796875 0.18125000000000002
10 0.89375 0.146875 0.17500000000000002 0.17500000000000002
11 0.1046875 0.34921875 0.109375 0.1265625
23 0.371875 0.40390625 0.19062500000000002 0.18906250000000002
2 0.63828125 0.3203125 0.1015625 0.096875
23 0.88984375 0.36875 0.1796875 0.18125000000000002
8 0.11406250000000001 0.6039062500000001 0.06875 0.11406250000000001
5 0.36796875 0.6265625 0.11406250000000001 0.134375
26 0.6125 0.5789062500000001 0.125 0.1296875
33 0.85546875 0.63828125 0.11406250000000001 0.11093750000000001
7 0.12265625000000001 0.8234375 0.0734375 0.09062500000000001
24 0.37421875000000004 0.88984375 0.1921875 0.1921875
5 0.62890625 0.88984375 0.1484375 0.1484375
31 0.88046875 0.8546875 0.1546875 0.15937500000000002
