25 0.11484375000000001 0.11953125 0.1328125 0.13593750000000002
29 0.375 0.14765625000000002 0.1375 0.1390625
27 0.6179687500000001 0.11328125 0.1546875 0.1546875
11 0.86875 0.11953125 0.15625 0.1546875
16 0.11640625 0.39140625 0.1203125 0.1234375
16 0.37265625 0.37265625 0.1328125 0.13593750000000002
23 0.61875 0.340625 0.15937500000000002 0.15937500000000002
11 0.8625 0.36562500000000003 0.140625 0.14375000000000002
5 0.10859375 0.6039062500000001 0.0859375 0.1296875
5 0.3484375 0.61328125 0.12812500000000002 0.1328125
13 0.5945312500000001 0.6140625000000001 0.0671875 0.09375
9 0.83984375 0.6257812500000001 0.0546875 0.0921875
28 0.07734375 0.8304687500000001 0.1046875 0.11406250000000001
33 0.35000000000000003 0.890625 0.15000000000000002 0.15000000000000002
28 0.6023437500000001 0.86875 0.06406250000000001 0.084375
5 0.846875 0.8875000000000001 0.109375 0.109375
