14 0.09843750000000001 0.125 0.1 0.11875000000000001
27 0.37890625 0.1453125 0.19843750000000002 0.19687500000000002
8 0.61484375 0.12812500000000002 0.13593750000000002 0.1375
12 0.8421875000000001 0.09062500000000001 0.07500000000000001 0.109375
14 0.07421875 0.353125 0.0921875 0.09375
27 0.40703125 0.3515625 0.15781250000000002 0.1625
7 0.6023437500000001 0.3515625 0.1484375 0.14375000000000002
5 0.84375 0.32578125 0.059375000000000004 0.0890625
19 0.09296875 0.6125 0.11093750000000001 0.12187500000000001
17 0.38906250000000003 0.6257812500000001 0.15000000000000002 0.11406250000000001
14 0.6203125 0.596875 0.12187500000000001 0.12812500000000002
22 0.85859375 0.6156250000000001 0.1171875 0.10625000000000001
