3 0.1296875 0.08046875 0.09062500000000001 0.0890625
17 0.37343750000000003 0.11484375000000001 0.14375000000000002 0.1421875
14 0.6117187500000001 0.109375 0.0890625 0.10312500000000001
3 0.8578125000000001 0.12890625 0.09062500000000001 0.11406250000000001
18 0.12734375 0.32265625000000003 0.1046875 0.1078125
35 0.34375 0.390625 0.08750000000000001 0.096875
1 0.6101562500000001 0.37265625 0.1171875 0.1265625
14 0.86328125 0.31015625 0.07968750000000001 0.09531250000000001
2 0.10703125000000001 0.6359375 0.11093750000000001 0.11875000000000001
24 0.3484375 0.59765625 0.109375 0.1078125
31 0.6265625 0.6195312500000001 0.15937500000000002 0.1609375
3 0.859375 0.61328125 0.12812500000000002 0.1234375
8 0.09921875000000001 0.8695312500000001 0.11406250000000001 0.11093750000000001
31 0.37578125 0.878125 0.15781250000000002 0.15937500000000002
31 0.63828125 0.8367187500000001 0.1171875 0.1171875
