4 0.1015625 0.11328125 0.09375 0.1046875
17 0.36640625000000004 0.09531250000000001 0.0921875 0.10312500000000001
7 0.6039062500000001 0.13046875 0.15156250000000002 0.15781250000000002
4 0.88046875 0.08359375000000001 0.1328125 0.13593750000000002
6 0.13125 0.33359375 0.12187500000000001 0.1203125
8 0.35078125000000004 0.37812500000000004 0.1046875 0.11875000000000001
10 0.6117187500000001 0.34296875000000004 0.1015625 0.09843750000000001
15 0.9007812500000001 0.38359375 0.1703125 0.1703125
6 0.11484375000000001 0.60859375 0.1234375 0.1453125
5 0.36875 0.62265625 0.15625 0.15781250000000002
3 0.6140625000000001 0.6125 0.12812500000000002 0.134375
16 0.8773437500000001 0.58515625 0.1171875 0.1203125
7 0.10625000000000001 0.85703125 0.08125 0.1046875
11 0.3671875 0.87265625 0.12187500000000001 0.1296875
17 0.62890625 0.88046875 0.15156250000000002 0.1421875
