33 0.13359375 0.0703125 0.1234375 0.12812500000000002
2 0.3609375 0.109375 0.12812500000000002 0.13125
18 0.58515625 0.07500000000000001 0.0578125 0.08125
14 0.86484375 0.0859375 0.0921875 0.096875
23 0.13046875 0.33437500000000003 0.1234375 0.12187500000000001
14 0.34921875 0.38828125 0.1078125 0.1015625
20 0.6179687500000001 0.39765625000000004 0.1859375 0.1859375
27 0.8851562500000001 0.36875 0.1640625 0.16562500000000002
4 0.1046875 0.6273437500000001 0.13125 0.1265625
33 0.39296875000000003 0.5875 0.1265625 0.12812500000000002
3 0.6140625000000001 0.6062500000000001 0.1125 0.1125
