29 0.109375 0.13203125000000002 0.10625000000000001 0.11093750000000001
33 0.36953125000000003 0.09296875 0.11406250000000001 0.1078125
14 0.6273437500000001 0.1171875 0.1703125 0.16875
29 0.859375 0.06328125 0.08750000000000001 0.1015625
33 0.10390625 0.37265625 0.1296875 0.1328125
34 0.36875 0.31875000000000003 0.10312500000000001 0.109375
35 0.58984375 0.35234375 0.07968750000000001 0.11093750000000001
33 0.853125 0.37812500000000004 0.09375 0.09375
25 0.11406250000000001 0.634375 0.12187500000000001 0.125
13 0.34296875000000004 0.6000000000000001 0.1296875 0.13125
