0 0.09375 0.09453125000000001 0.125 0.1296875
20 0.36953125000000003 0.08281250000000001 0.1015625 0.1
12 0.61484375 0.08125 0.09843750000000001 0.12187500000000001
14 0.859375 0.134375 0.10312500000000001 0.12187500000000001
32 0.1421875 0.30859375 0.096875 0.09531250000000001
18 0.34609375000000003 0.37890625 0.1203125 0.1421875
18 0.6273437500000001 0.4109375 0.1390625 0.134375
34 0.85546875 0.32265625000000003 0.0890625 0.1015625
25 0.096875 0.6140625000000001 0.078125 0.08750000000000001
27 0.36250000000000004 0.5671875000000001 0.078125 0.10312500000000001
