33 0.115625 0.1234375 0.153125 0.153125
13 0.36484375 0.1046875 0.1046875 0.10625000000000001
2 0.6023437500000001 0.12734375 0.13593750000000002 0.1390625
35 0.8625 0.09609375 0.109375 0.11406250000000001
23 0.11484375000000001 0.3515625 0.11406250000000001 0.115625
3 0.34218750000000003 0.3609375 0.09062500000000001 0.1125
13 0.6156250000000001 0.34687500000000004 0.10625000000000001 0.10625000000000001
23 0.8515625 0.3484375 0.06875 0.10312500000000001
4 0.09296875 0.6234375000000001 0.0578125 0.08125
4 0.353125 0.60859375 0.1 0.13593750000000002
33 0.6140625000000001 0.578125 0.09375 0.09375
16 0.8695312500000001 0.63671875 0.1953125 0.1921875
