25 0.11875000000000001 0.10312500000000001 0.096875 0.12187500000000001
29 0.3765625 0.140625 0.15937500000000002 0.15937500000000002
9 0.634375 0.13828125 0.15937500000000002 0.1640625
20 0.89375 0.09062500000000001 0.12812500000000002 0.12812500000000002
20 0.14765625000000002 0.33984375 0.1421875 0.1421875
1 0.36484375 0.38359375 0.1328125 0.1421875
24 0.5859375 0.32734375000000004 0.1 0.1015625
17 0.890625 0.35390625000000003 0.15937500000000002 0.1640625
24 0.125 0.6335937500000001 0.1625 0.1609375
31 0.35078125000000004 0.60703125 0.1296875 0.13593750000000002
27 0.59296875 0.6109375 0.0546875 0.08750000000000001
17 0.8640625000000001 0.6429687500000001 0.10625000000000001 0.1046875
30 0.10859375 0.8656250000000001 0.1171875 0.11875000000000001
6 0.3515625 0.87109375 0.078125 0.09843750000000001
