11 0.096875 0.12812500000000002 0.096875 0.109375
13 0.3671875 0.11796875000000001 0.15625 0.1546875
4 0.58984375 0.096875 0.0578125 0.078125
2 0.89375 0.1546875 0.15625 0.146875
27 0.15781250000000002 0.3765625 0.225 0.2
25 0.36015625 0.36640625000000004 0.1609375 0.1609375
2 0.6117187500000001 0.35546875 0.1203125 0.1171875
28 0.84375 0.38359375 0.12812500000000002 0.1234375
21 0.13359375 0.6453125000000001 0.1484375 0.146875
28 0.375 0.6039062500000001 0.14375000000000002 0.1453125
3 0.6171875 0.6328125 0.084375 0.125
2 0.8671875 0.58046875 0.09375 0.1015625
9 0.1078125 0.88203125 0.153125 0.1421875
21 0.3484375 0.8546875 0.153125 0.153125
2 0.596875 0.8984375 0.115625 0.14375000000000002
5 0.853125 0.84140625 0.07500000000000001 0.09531250000000001
