12 0.12812500000000002 0.1296875 0.14375000000000002 0.140625
12 0.3765625 0.15625 0.125 0.134375
13 0.6265625 0.1203125 0.16875 0.16875
18 0.87265625 0.1296875 0.1390625 0.134375
20 0.12578125 0.35546875 0.1328125 0.1328125
16 0.35703125 0.3484375 0.1234375 0.12812500000000002
13 0.6218750000000001 0.38359375 0.17500000000000002 0.1765625
11 0.8765625 0.32343750000000004 0.10312500000000001 0.1125
11 0.09765625 0.60546875 0.06406250000000001 0.1078125
20 0.37031250000000004 0.63984375 0.134375 0.1421875
