8 0.10312500000000001 0.1203125 0.09375 0.134375
0 0.3609375 0.115625 0.10625000000000001 0.12187500000000001
19 0.6078125000000001 0.09062500000000001 0.096875 0.084375
31 0.8406250000000001 0.07578125000000001 0.1125 0.1171875
35 0.10078125 0.353125 0.0765625 0.125
28 0.36953125000000003 0.32890625 0.1015625 0.11406250000000001
24 0.6015625 0.375 0.115625 0.115625
19 0.8703125 0.35781250000000003 0.134375 0.15625
4 0.096875 0.6117187500000001 0.10312500000000001 0.11093750000000001
21 0.35468750000000004 0.640625 0.134375 0.134375
11 0.6078125000000001 0.6429687500000001 0.08750000000000001 0.09531250000000001
33 0.8640625000000001 0.61328125 0.13125 0.1390625
30 0.15078125 0.8484375000000001 0.16718750000000002 0.1625
30 0.3921875 0.8890625000000001 0.15000000000000002 0.153125
