11 0.1171875 0.13593750000000002 0.12812500000000002 0.115625
3 0.3921875 0.08984375 0.140625 0.1453125
19 0.6218750000000001 0.12187500000000001 0.16562500000000002 0.1625
18 0.890625 0.0859375 0.115625 0.115625
8 0.12187500000000001 0.39687500000000003 0.1 0.13125
33 0.35000000000000003 0.35546875 0.146875 0.1453125
23 0.6234375000000001 0.35625 0.12812500000000002 0.084375
6 0.9015625 0.39921875 0.171875 0.1765625
21 0.07968750000000001 0.6140625000000001 0.115625 0.115625
23 0.38359375 0.625 0.1703125 0.16875
5 0.59921875 0.6335937500000001 0.1703125 0.1703125
13 0.8773437500000001 0.6578125 0.1234375 0.15000000000000002
3 0.1265625 0.88046875 0.13125 0.1609375
29 0.37265625 0.89375 0.11406250000000001 0.1125
