1 0.11171875 0.1375 0.1078125 0.115625
18 0.3453125 0.1 0.078125 0.09375
6 0.5945312500000001 0.1203125 0.0578125 0.09062500000000001
20 0.8953125000000001 0.08671875000000001 0.11875000000000001 0.1171875
0 0.09062500000000001 0.3765625 0.09375 0.10625000000000001
8 0.3453125 0.3125 0.059375000000000004 0.08750000000000001
13 0.5945312500000001 0.321875 0.08281250000000001 0.096875
24 0.85546875 0.37421875000000004 0.11093750000000001 0.11406250000000001
31 0.13046875 0.65390625 0.1484375 0.15781250000000002
33 0.3640625 0.6101562500000001 0.13125 0.13593750000000002
33 0.60703125 0.63671875 0.15781250000000002 0.15781250000000002
6 0.86640625 0.6359375 0.1078125 0.1
11 0.10625000000000001 0.87421875 0.1125 0.11406250000000001
13 0.3875 0.8992187500000001 0.134375 0.1390625
29 0.6156250000000001 0.8406250000000001 0.10312500000000001 0.10625000000000001
