25 0.12187500000000001 0.08359375000000001 0.109375 0.1078125
11 0.36562500000000003 0.1328125 0.12812500000000002 0.13125
33 0.6023437500000001 0.125 0.08281250000000001 0.109375
23 0.87265625 0.11953125 0.1453125 0.1453125
20 0.146875 0.40546875000000004 0.20625000000000002 0.1703125
18 0.35781250000000003 0.38906250000000003 0.084375 0.15000000000000002
17 0.63984375 0.36484375 0.15156250000000002 0.1546875
33 0.86640625 0.37812500000000004 0.1296875 0.12812500000000002
28 0.115625 0.6351562500000001 0.109375 0.1328125
23 0.36953125000000003 0.60546875 0.1328125 0.1296875
27 0.62421875 0.59765625 0.1046875 0.1046875
24 0.859375 0.5906250000000001 0.084375 0.096875
13 0.12109375 0.8445312500000001 0.11093750000000001 0.11093750000000001
33 0.37734375000000003 0.8523437500000001 0.1484375 0.1453125
