9 0.0859375 0.12734375 0.09375 0.1046875
10 0.36015625 0.11953125 0.1390625 0.1328125
6 0.59921875 0.10078125 0.0859375 0.1046875
13 0.8718750000000001 0.06796875000000001 0.1 0.1015625
25 0.11015625000000001 0.3515625 0.11093750000000001 0.109375
35 0.3640625 0.3609375 0.146875 0.146875
7 0.603125 0.3453125 0.12187500000000001 0.13125
28 0.8546875 0.36875 0.13125 0.146875
27 0.11953125 0.5906250000000001 0.1203125 0.084375
11 0.37890625 0.6375000000000001 0.11406250000000001 0.1375
29 0.60703125 0.5953125 0.11406250000000001 0.12187500000000001
24 0.87109375 0.628125 0.1609375 0.16562500000000002
2 0.1078125 0.8445312500000001 0.10625000000000001 0.11406250000000001
22 0.38125000000000003 0.8562500000000001 0.1375 0.096875
10 0.59375 0.8304687500000001 0.125 0.1265625
34 0.88984375 0.8992187500000001 0.18281250000000002 0.18281250000000002
