3 0.11015625000000001 0.14296875 0.0734375 0.11406250000000001
25 0.36015625 0.11875000000000001 0.0765625 0.1375
19 0.6156250000000001 0.07109375 0.084375 0.0921875
11 0.8515625 0.09453125000000001 0.07500000000000001 0.09843750000000001
5 0.11328125 0.36250000000000004 0.1171875 0.11875000000000001
11 0.34687500000000004 0.3796875 0.115625 0.115625
2 0.61640625 0.3515625 0.1234375 0.125
31 0.878125 0.3875 0.15625 0.146875
35 0.09921875000000001 0.62109375 0.1078125 0.1046875
10 0.35625 0.61640625 0.08750000000000001 0.1265625
28 0.59765625 0.62265625 0.1015625 0.1203125
15 0.8671875 0.63046875 0.153125 0.1546875
11 0.13359375 0.853125 0.13593750000000002 0.1375
1 0.37343750000000003 0.8203125 0.1 0.1125
22 0.5953125 0.87109375 0.109375 0.1078125
