2 0.1 0.1296875 0.1125 0.134375
3 0.36562500000000003 0.07265625 0.10312500000000001 0.1171875
14 0.5921875 0.10859375 0.12187500000000001 0.1234375
29 0.8601562500000001 0.12734375 0.09531250000000001 0.09843750000000001
34 0.14296875 0.3140625 0.0921875 0.08750000000000001
20 0.37265625 0.37578125 0.1484375 0.1453125
34 0.64609375 0.34921875 0.15781250000000002 0.16718750000000002
34 0.8921875 0.32109375 0.1125 0.11093750000000001
33 0.09843750000000001 0.6328125 0.08750000000000001 0.096875
20 0.36875 0.6195312500000001 0.153125 0.15781250000000002
14 0.6312500000000001 0.60703125 0.134375 0.1421875
