7 0.1203125 0.08750000000000001 0.125 0.1375
19 0.36250000000000004 0.13125 0.109375 0.1125
15 0.6117187500000001 0.09843750000000001 0.09843750000000001 0.109375
8 0.875 0.08281250000000001 0.1125 0.10625000000000001
19 0.09609375 0.33203125 0.1046875 0.1203125
34 0.35234375 0.36171875000000003 0.09843750000000001 0.09843750000000001
13 0.6335937500000001 0.35468750000000004 0.1609375 0.15937500000000002
11 0.8578125000000001 0.3609375 0.134375 0.14375000000000002
3 0.11015625000000001 0.62109375 0.13593750000000002 0.13593750000000002
31 0.37578125 0.57578125 0.1015625 0.1171875
8 0.60703125 0.57734375 0.07968750000000001 0.09843750000000001
