20 0.09296875 0.11875000000000001 0.0546875 0.09062500000000001
11 0.3828125 0.146875 0.134375 0.140625
34 0.6140625000000001 0.115625 0.1625 0.171875
19 0.8539062500000001 0.12187500000000001 0.0765625 0.084375
16 0.10625000000000001 0.3515625 0.10625000000000001 0.14375000000000002
27 0.33828125000000003 0.36171875000000003 0.1328125 0.1328125
2 0.6125 0.32890625 0.096875 0.1078125
35 0.8656250000000001 0.36875 0.134375 0.134375
28 0.10625000000000001 0.6351562500000001 0.115625 0.1328125
7 0.35078125000000004 0.6265625 0.0859375 0.109375
8 0.5984375000000001 0.6359375 0.10312500000000001 0.12187500000000001
2 0.8578125000000001 0.65390625 0.109375 0.1453125
32 0.13515625 0.88671875 0.1921875 0.1859375
16 0.34375 0.8765625 0.115625 0.115625
30 0.6234375000000001 0.8828125 0.15625 0.15625
27 0.8718750000000001 0.8656250000000001 0.15000000000000002 0.14375000000000002
