15 0.125 0.08515625 0.109375 0.1171875
14 0.36875 0.10546875 0.13125 0.1265625
34 0.6015625 0.11953125 0.10312500000000001 0.1046875
29 0.8367187500000001 0.0921875 0.1265625 0.12812500000000002
1 0.12578125 0.32265625000000003 0.09843750000000001 0.1015625
32 0.35703125 0.35703125 0.1078125 0.1078125
25 0.6101562500000001 0.36562500000000003 0.0859375 0.09062500000000001
25 0.8757812500000001 0.36484375 0.1453125 0.15781250000000002
13 0.1453125 0.59140625 0.134375 0.1328125
8 0.34921875 0.6046875 0.11093750000000001 0.125
31 0.6117187500000001 0.5765625 0.1015625 0.115625
