10 0.1046875 0.1390625 0.17500000000000002 0.178125
30 0.35078125000000004 0.11406250000000001 0.1234375 0.12187500000000001
19 0.603125 0.13203125000000002 0.09375 0.09531250000000001
1 0.8390625 0.14375000000000002 0.115625 0.146875
9 0.08671875000000001 0.37031250000000004 0.11406250000000001 0.11875000000000001
2 0.3671875 0.32265625000000003 0.1 0.1171875
34 0.62890625 0.39140625 0.15781250000000002 0.15781250000000002
29 0.8328125000000001 0.32890625 0.07187500000000001 0.07968750000000001
2 0.11015625000000001 0.62890625 0.1234375 0.13593750000000002
33 0.35000000000000003 0.6257812500000001 0.12187500000000001 0.1203125
