25 0.08671875000000001 0.11328125 0.07968750000000001 0.0859375
11 0.37734375000000003 0.134375 0.1421875 0.15000000000000002
17 0.6328125 0.1171875 0.13125 0.12812500000000002
16 0.8617187500000001 0.12421875 0.13593750000000002 0.1328125
21 0.1203125 0.359375 0.12812500000000002 0.146875
4 0.3828125 0.33828125000000003 0.1375 0.1328125
2 0.61640625 0.321875 0.1046875 0.115625
7 0.8835937500000001 0.3296875 0.11406250000000001 0.12187500000000001
10 0.1296875 0.6265625 0.16875 0.16875
11 0.36953125000000003 0.6312500000000001 0.1046875 0.109375
3 0.59765625 0.6312500000000001 0.1078125 0.10625000000000001
5 0.8671875 0.59765625 0.096875 0.1234375
6 0.11093750000000001 0.85078125 0.09375 0.1078125
17 0.36562500000000003 0.89453125 0.115625 0.1171875
2 0.61484375 0.853125 0.1546875 0.16562500000000002
32 0.88046875 0.8445312500000001 0.1484375 0.1203125
