16 0.084375 0.09609375 0.13125 0.1296875
20 0.40859375000000003 0.15000000000000002 0.18281250000000002 0.18125000000000002
10 0.640625 0.08125 0.13125 0.13125
10 0.8875000000000001 0.09843750000000001 0.146875 0.146875
25 0.09921875000000001 0.35703125 0.0734375 0.1046875
7 0.359375 0.36171875000000003 0.12187500000000001 0.1296875
23 0.65546875 0.34921875 0.15781250000000002 0.15781250000000002
27 0.8968750000000001 0.35781250000000003 0.1625 0.1625
17 0.15390625000000002 0.56015625 0.09531250000000001 0.09531250000000001
10 0.32890625 0.6140625000000001 0.1203125 0.11875000000000001
11 0.60546875 0.65234375 0.0703125 0.1234375
