10 0.11953125 0.13203125000000002 0.1421875 0.1296875
10 0.3828125 0.08984375 0.15000000000000002 0.1484375
35 0.60859375 0.15390625000000002 0.1390625 0.1453125
23 0.8765625 0.07734375 0.10312500000000001 0.11093750000000001
35 0.12109375 0.32656250000000003 0.11406250000000001 0.115625
19 0.35000000000000003 0.375 0.15000000000000002 0.146875
33 0.61640625 0.34375 0.1453125 0.140625
10 0.8640625000000001 0.38593750000000004 0.125 0.12812500000000002
28 0.0765625 0.5906250000000001 0.1125 0.11875000000000001
13 0.38515625000000003 0.6125 0.17343750000000002 0.17500000000000002
24 0.6117187500000001 0.58203125 0.1265625 0.1296875
13 0.8515625 0.60859375 0.14375000000000002 0.1484375
33 0.13203125000000002 0.8734375000000001 0.1421875 0.1375
2 0.35703125 0.86484375 0.1234375 0.1484375
26 0.61875 0.89453125 0.1875 0.1921875
