25 0.11875000000000001 0.11015625000000001 0.12187500000000001 0.1234375
18 0.359375 0.1046875 0.10625000000000001 0.109375
23 0.62109375 0.07500000000000001 0.15781250000000002 0.115625
0 0.8640625000000001 0.140625 0.109375 0.15000000000000002
29 0.12578125 0.35625 0.1546875 0.15937500000000002
35 0.34296875000000004 0.36171875000000003 0.1453125 0.1453125
8 0.603125 0.37343750000000003 0.115625 0.109375
27 0.8617187500000001 0.3515625 0.1640625 0.1625
2 0.115625 0.6039062500000001 0.125 0.1328125
33 0.35078125000000004 0.62265625 0.1171875 0.1171875
