15 0.13125 0.1078125 0.15625 0.15937500000000002
29 0.35859375000000004 0.12812500000000002 0.09531250000000001 0.115625
20 0.6078125000000001 0.13828125 0.096875 0.1265625
19 0.87421875 0.12734375 0.18281250000000002 0.18281250000000002
18 0.10390625 0.37031250000000004 0.0921875 0.096875
0 0.3609375 0.3875 0.10625000000000001 0.11875000000000001
35 0.6062500000000001 0.41953125 0.08750000000000001 0.1296875
25 0.8695312500000001 0.36640625000000004 0.11093750000000001 0.1171875
3 0.1078125 0.64765625 0.08750000000000001 0.1203125
10 0.35859375000000004 0.63671875 0.1234375 0.1171875
1 0.6062500000000001 0.60703125 0.1125 0.11406250000000001
