14 0.13046875 0.084375 0.13593750000000002 0.13125
32 0.36015625 0.0890625 0.09531250000000001 0.08750000000000001
14 0.6484375 0.12578125 0.19062500000000002 0.1921875
34 0.8500000000000001 0.1265625 0.096875 0.096875
4 0.10312500000000001 0.3828125 0.10312500000000001 0.10625000000000001
24 0.40859375000000003 0.3671875 0.1765625 0.17500000000000002
4 0.5890625 0.37109375 0.096875 0.11093750000000001
28 0.853125 0.375 0.1125 0.13125
7 0.11093750000000001 0.6421875 0.078125 0.12812500000000002
6 0.40156250000000004 0.5875 0.109375 0.109375
24 0.6351562500000001 0.61328125 0.1765625 0.1796875
17 0.86875 0.6203125 0.15000000000000002 0.15000000000000002
3 0.11796875000000001 0.8953125000000001 0.1046875 0.12187500000000001
33 0.32656250000000003 0.8601562500000001 0.10312500000000001 0.1015625
