15 0.10234375000000001 0.12265625000000001 0.1328125 0.1296875
22 0.39140625 0.10312500000000001 0.1703125 0.153125
35 0.6039062500000001 0.11640625 0.1546875 0.15781250000000002
6 0.85703125 0.13515625 0.1265625 0.1234375
29 0.07578125000000001 0.35390625000000003 0.11093750000000001 0.11093750000000001
35 0.35000000000000003 0.359375 0.15000000000000002 0.15625
19 0.6015625 0.39375000000000004 0.15937500000000002 0.1625
26 0.875 0.37031250000000004 0.15937500000000002 0.17500000000000002
18 0.08984375 0.59765625 0.09843750000000001 0.1203125
6 0.35781250000000003 0.640625 0.09375 0.13125
3 0.61328125 0.62109375 0.11406250000000001 0.1546875
35 0.8703125 0.6328125 0.12187500000000001 0.11875000000000001
31 0.1265625 0.8859375 0.1375 0.12812500000000002
