18 0.109375 0.11015625000000001 0.109375 0.1046875
1 0.3484375 0.0921875 0.065625 0.096875
21 0.56796875 0.1046875 0.1171875 0.1125
8 0.8562500000000001 0.134375 0.109375 0.11875000000000001
24 0.1078125 0.38203125000000004 0.10625000000000001 0.1171875
35 0.375 0.36875 0.146875 0.146875
26 0.61484375 0.38203125000000004 0.1328125 0.13593750000000002
30 0.8515625 0.37421875000000004 0.06875 0.1046875
7 0.10703125000000001 0.64765625 0.0890625 0.1234375
31 0.36171875000000003 0.63984375 0.1265625 0.1203125
10 0.6109375 0.6312500000000001 0.115625 0.115625
27 0.8812500000000001 0.60703125 0.153125 0.15156250000000002
33 0.11093750000000001 0.8695312500000001 0.09375 0.1296875
15 0.35078125000000004 0.85859375 0.0890625 0.09531250000000001
