13 0.140625 0.12187500000000001 0.178125 0.18125000000000002
9 0.36250000000000004 0.13203125000000002 0.1125 0.1328125
6 0.6125 0.13593750000000002 0.084375 0.11875000000000001
14 0.8703125 0.12187500000000001 0.16875 0.16875
18 0.10625000000000001 0.38359375 0.09375 0.1453125
1 0.36953125000000003 0.3953125 0.1296875 0.11875000000000001
26 0.5890625 0.36796875 0.12812500000000002 0.1328125
33 0.87109375 0.36015625 0.1390625 0.1390625
33 0.12187500000000001 0.6078125000000001 0.134375 0.134375
17 0.37812500000000004 0.6375000000000001 0.15625 0.15625
19 0.6039062500000001 0.63203125 0.1640625 0.15156250000000002
35 0.8796875000000001 0.5945312500000001 0.11875000000000001 0.1171875
15 0.11484375000000001 0.8796875000000001 0.1265625 0.140625
33 0.37812500000000004 0.91796875 0.109375 0.1453125
