32 0.13515625 0.1328125 0.1484375 0.11875000000000001
9 0.36875 0.060937500000000006 0.07500000000000001 0.09062500000000001
11 0.58828125 0.09609375 0.1015625 0.11093750000000001
11 0.8828125 0.09375 0.140625 0.140625
33 0.134375 0.4 0.1625 0.153125
29 0.35859375000000004 0.34765625 0.08281250000000001 0.0921875
7 0.5984375000000001 0.34453125 0.08750000000000001 0.1015625
10 0.8656250000000001 0.36875 0.153125 0.15625
14 0.096875 0.609375 0.115625 0.115625
16 0.39140625 0.6546875000000001 0.1390625 0.146875
8 0.6195312500000001 0.6101562500000001 0.1609375 0.1609375
19 0.8703125 0.5984375000000001 0.12812500000000002 0.12187500000000001
