11 0.1265625 0.1328125 0.15937500000000002 0.146875
17 0.36875 0.10703125000000001 0.13125 0.1234375
19 0.5906250000000001 0.09062500000000001 0.065625 0.10312500000000001
19 0.853125 0.1328125 0.1375 0.134375
17 0.11171875 0.37421875000000004 0.1265625 0.1296875
17 0.37812500000000004 0.4 0.17500000000000002 0.17500000000000002
34 0.5906250000000001 0.37812500000000004 0.096875 0.10625000000000001
8 0.8656250000000001 0.3953125 0.084375 0.11875000000000001
31 0.10390625 0.6429687500000001 0.1859375 0.1859375
14 0.3484375 0.60703125 0.08125 0.1046875
