33 0.13359375 0.11875000000000001 0.18281250000000002 0.18125000000000002
13 0.38906250000000003 0.0890625 0.1125 0.109375
32 0.65546875 0.1203125 0.2109375 0.209375
4 0.8515625 0.140625 0.084375 0.1125
25 0.10234375000000001 0.3828125 0.1015625 0.10625000000000001
34 0.35468750000000004 0.36171875000000003 0.134375 0.13593750000000002
23 0.584375 0.35000000000000003 0.12187500000000001 0.12187500000000001
3 0.8914062500000001 0.32265625000000003 0.0890625 0.0859375
5 0.1078125 0.6179687500000001 0.09375 0.11406250000000001
6 0.38984375000000004 0.59609375 0.1421875 0.1421875
7 0.65 0.609375 0.1375 0.1375
