1 0.11015625000000001 0.10859375 0.1078125 0.1078125
17 0.38671875 0.13046875 0.1640625 0.15156250000000002
8 0.6062500000000001 0.1375 0.096875 0.1
0 0.87890625 0.078125 0.0921875 0.1
31 0.15156250000000002 0.38593750000000004 0.18125000000000002 0.184375
20 0.37734375000000003 0.3375 0.1296875 0.096875
14 0.6265625 0.35390625000000003 0.12812500000000002 0.15156250000000002
0 0.8617187500000001 0.36953125000000003 0.1453125 0.1484375
31 0.09531250000000001 0.6140625000000001 0.059375000000000004 0.08750000000000001
6 0.34687500000000004 0.62109375 0.1375 0.1390625
15 0.6335937500000001 0.6414062500000001 0.1453125 0.1390625
22 0.87890625 0.61328125 0.1390625 0.13593750000000002
1 0.115625 0.81171875 0.078125 0.09531250000000001
8 0.3640625 0.8765625 0.1375 0.16562500000000002
