33 0.11171875 0.08203125 0.11093750000000001 0.1046875
31 0.34921875 0.12578125 0.0921875 0.1015625
0 0.6046875 0.12187500000000001 0.08125 0.10625000000000001
11 0.884375 0.10390625 0.14375000000000002 0.15156250000000002
14 0.14609375 0.33671875 0.1296875 0.1296875
2 0.36015625 0.34453125 0.1015625 0.11406250000000001
28 0.6125 0.34921875 0.09375 0.09843750000000001
10 0.8515625 0.36250000000000004 0.15937500000000002 0.15937500000000002
3 0.10312500000000001 0.62109375 0.09062500000000001 0.11093750000000001
18 0.36328125 0.6414062500000001 0.0765625 0.1015625
11 0.59296875 0.60703125 0.1265625 0.1265625
30 0.88046875 0.6218750000000001 0.1390625 0.14375000000000002
11 0.10625000000000001 0.8601562500000001 0.115625 0.1171875
27 0.3484375 0.8562500000000001 0.06875 0.1125
31 0.6375000000000001 0.8875000000000001 0.12187500000000001 0.1375
29 0.8765625 0.8625 0.14375000000000002 0.14375000000000002
