33 0.11015625000000001 0.13984375000000002 0.17343750000000002 0.1703125
16 0.35859375000000004 0.1265625 0.0921875 0.09375
7 0.58984375 0.1078125 0.09843750000000001 0.115625
32 0.853125 0.10546875 0.10312500000000001 0.1015625
10 0.13359375 0.3328125 0.1328125 0.134375
3 0.38125000000000003 0.39296875000000003 0.140625 0.13593750000000002
21 0.6023437500000001 0.37890625 0.1296875 0.1328125
3 0.85546875 0.33906250000000004 0.08281250000000001 0.109375
20 0.16328125000000002 0.625 0.2234375 0.209375
7 0.38984375000000004 0.6585937500000001 0.1609375 0.16718750000000002
14 0.6468750000000001 0.64375 0.16562500000000002 0.16562500000000002
