21 0.11015625000000001 0.10546875 0.1046875 0.1203125
1 0.36796875 0.0859375 0.060937500000000006 0.109375
13 0.6101562500000001 0.13359375 0.1078125 0.1046875
23 0.859375 0.125 0.140625 0.140625
31 0.12812500000000002 0.3453125 0.146875 0.15625
21 0.353125 0.37734375000000003 0.125 0.1203125
2 0.6046875 0.353125 0.11875000000000001 0.11875000000000001
11 0.86328125 0.35625 0.1296875 0.1375
17 0.11406250000000001 0.6179687500000001 0.125 0.1171875
18 0.3515625 0.6648437500000001 0.078125 0.09843750000000001
21 0.60546875 0.6328125 0.07968750000000001 0.10312500000000001
11 0.86328125 0.6125 0.1234375 0.125
13 0.11484375000000001 0.87109375 0.1390625 0.1390625
9 0.36171875000000003 0.89453125 0.1015625 0.1484375
10 0.6257812500000001 0.846875 0.11406250000000001 0.115625
15 0.8617187500000001 0.853125 0.1078125 0.10625000000000001
