19 0.09140625000000001 0.140625 0.1390625 0.15937500000000002
25 0.3921875 0.07500000000000001 0.109375 0.109375
1 0.60703125 0.09765625 0.0921875 0.1046875
17 0.8617187500000001 0.125 0.1421875 0.140625
7 0.08671875000000001 0.34765625 0.1015625 0.1046875
14 0.36875 0.36796875 0.134375 0.1265625
23 0.59375 0.36875 0.096875 0.09375
35 0.8562500000000001 0.39140625 0.184375 0.18281250000000002
18 0.10546875 0.5765625 0.0734375 0.059375000000000004
18 0.33984375 0.57265625 0.035937500000000004 0.07968750000000001
13 0.63984375 0.6195312500000001 0.1765625 0.1765625
16 0.846875 0.6078125000000001 0.140625 0.140625
32 0.12109375 0.8484375000000001 0.1265625 0.12812500000000002
