32 0.1171875 0.12187500000000001 0.12812500000000002 0.12187500000000001
18 0.34140625 0.13828125 0.11406250000000001 0.11093750000000001
27 0.6429687500000001 0.0890625 0.1640625 0.134375
16 0.853125 0.07265625 0.096875 0.0921875
14 0.11015625000000001 0.38593750000000004 0.11093750000000001 0.115625
23 0.38125000000000003 0.3796875 0.17500000000000002 0.17500000000000002
2 0.6117187500000001 0.3921875 0.11093750000000001 0.125
4 0.87265625 0.35390625000000003 0.1234375 0.1484375
1 0.0890625 0.6296875000000001 0.046875 0.09375
17 0.39453125 0.6101562500000001 0.1546875 0.15156250000000002
11 0.596875 0.62890625 0.09375 0.09843750000000001
31 0.8796875000000001 0.6078125000000001 0.15000000000000002 0.15000000000000002
32 0.11796875000000001 0.8835937500000001 0.1203125 0.1203125
4 0.35546875 0.8812500000000001 0.0921875 0.115625
6 0.6109375 0.89765625 0.1125 0.1046875
2 0.8695312500000001 0.85546875 0.1421875 0.1609375
