16 0.1265625 0.16015625 0.171875 0.1765625
10 0.3453125 0.11875000000000001 0.07500000000000001 0.07187500000000001
20 0.6273437500000001 0.10546875 0.1328125 0.13593750000000002
7 0.8539062500000001 0.12109375 0.1046875 0.1265625
23 0.09531250000000001 0.31953125000000004 0.065625 0.0671875
4 0.30781250000000004 0.3640625 0.1 0.09375
26 0.6000000000000001 0.40156250000000004 0.178125 0.18125000000000002
27 0.8773437500000001 0.36875 0.15781250000000002 0.16875
27 0.115625 0.6273437500000001 0.15000000000000002 0.1484375
4 0.35781250000000003 0.6507812500000001 0.1 0.1328125
27 0.6351562500000001 0.596875 0.15781250000000002 0.15625
5 0.8679687500000001 0.6507812500000001 0.1328125 0.1453125
16 0.109375 0.859375 0.10625000000000001 0.1125
6 0.33437500000000003 0.84375 0.1125 0.11875000000000001
