23 0.13515625 0.11796875000000001 0.17343750000000002 0.1640625
18 0.325 0.12578125 0.09062500000000001 0.0859375
7 0.578125 0.11875000000000001 0.1125 0.109375
0 0.8500000000000001 0.1265625 0.09375 0.1125
34 0.09531250000000001 0.35781250000000003 0.1 0.12812500000000002
14 0.35390625000000003 0.3671875 0.1171875 0.11875000000000001
13 0.6265625 0.33437500000000003 0.12812500000000002 0.125
34 0.9015625 0.31875000000000003 0.10312500000000001 0.10312500000000001
23 0.12187500000000001 0.61640625 0.1625 0.1609375
13 0.38906250000000003 0.63671875 0.15000000000000002 0.1546875
1 0.58125 0.5859375 0.084375 0.096875
