3 0.1046875 0.09453125000000001 0.09375 0.1203125
15 0.371875 0.06484375 0.10625000000000001 0.1015625
33 0.6265625 0.12734375 0.171875 0.16718750000000002
35 0.83515625 0.134375 0.1078125 0.1
23 0.11484375000000001 0.36015625 0.1453125 0.1265625
27 0.39687500000000003 0.37578125 0.19062500000000002 0.1921875
1 0.59140625 0.37734375000000003 0.0484375 0.09843750000000001
27 0.8765625 0.33046875000000003 0.109375 0.11093750000000001
21 0.0578125 0.6101562500000001 0.1 0.0921875
14 0.35703125 0.59921875 0.09531250000000001 0.09531250000000001
10 0.60546875 0.6156250000000001 0.1046875 0.115625
