11 0.1125 0.1265625 0.10625000000000001 0.115625
22 0.38515625000000003 0.11093750000000001 0.1640625 0.15000000000000002
6 0.5945312500000001 0.11796875000000001 0.0859375 0.09531250000000001
25 0.85703125 0.0765625 0.0859375 0.09375
10 0.109375 0.3875 0.12812500000000002 0.11875000000000001
13 0.38984375000000004 0.36171875000000003 0.1765625 0.1765625
23 0.60859375 0.36484375 0.1265625 0.1265625
9 0.8625 0.36953125000000003 0.14375000000000002 0.16718750000000002
2 0.11640625 0.5890625 0.11093750000000001 0.125
13 0.359375 0.5789062500000001 0.08750000000000001 0.0859375
