18 0.08203125 0.11484375000000001 0.0578125 0.0921875
7 0.36953125000000003 0.13046875 0.11093750000000001 0.1265625
29 0.6140625000000001 0.11640625 0.18125000000000002 0.1765625
17 0.846875 0.09843750000000001 0.14375000000000002 0.146875
34 0.11875000000000001 0.35546875 0.12812500000000002 0.1421875
3 0.35703125 0.35078125000000004 0.08281250000000001 0.11406250000000001
18 0.5906250000000001 0.3453125 0.07500000000000001 0.1
4 0.8562500000000001 0.3609375 0.08750000000000001 0.13125
6 0.1421875 0.57421875 0.084375 0.08281250000000001
23 0.38046875 0.66953125 0.2234375 0.2015625
3 0.57578125 0.603125 0.09531250000000001 0.1
21 0.8601562500000001 0.6140625000000001 0.1265625 0.125
30 0.12734375 0.8453125 0.1265625 0.125
33 0.38671875 0.8562500000000001 0.1484375 0.15000000000000002
