34 0.15156250000000002 0.13125 0.125 0.1375
20 0.3796875 0.11015625000000001 0.14375000000000002 0.1328125
3 0.56953125 0.11093750000000001 0.11093750000000001 0.10625000000000001
31 0.875 0.14296875 0.1375 0.1390625
35 0.1171875 0.3796875 0.125 0.125
8 0.35859375000000004 0.39609375 0.11406250000000001 0.1265625
10 0.6218750000000001 0.37578125 0.18125000000000002 0.18281250000000002
8 0.87890625 0.3453125 0.1046875 0.134375
13 0.12265625000000001 0.6078125000000001 0.15781250000000002 0.15937500000000002
7 0.3640625 0.6265625 0.09375 0.109375
3 0.5828125000000001 0.64375 0.134375 0.1375
3 0.859375 0.64453125 0.109375 0.11093750000000001
21 0.14609375 0.81796875 0.1015625 0.09843750000000001
29 0.3953125 0.87265625 0.1625 0.1609375
22 0.6414062500000001 0.853125 0.15781250000000002 0.15937500000000002
