14 0.13046875 0.13984375000000002 0.15781250000000002 0.1546875
21 0.39609375 0.08671875000000001 0.1328125 0.1265625
14 0.6062500000000001 0.12421875 0.125 0.1234375
24 0.88046875 0.1296875 0.15781250000000002 0.15937500000000002
3 0.1125 0.32265625000000003 0.078125 0.0890625
23 0.40625 0.35859375000000004 0.20625000000000002 0.22031250000000002
31 0.62109375 0.37265625 0.1234375 0.1421875
1 0.8718750000000001 0.37578125 0.08125 0.1328125
2 0.09765625 0.63203125 0.1078125 0.09843750000000001
23 0.35859375000000004 0.59296875 0.0859375 0.1078125
8 0.6203125 0.6359375 0.15937500000000002 0.1625
8 0.8539062500000001 0.6203125 0.0765625 0.1
13 0.11171875 0.8968750000000001 0.1609375 0.15625
29 0.38984375000000004 0.85546875 0.1796875 0.17343750000000002
