15 0.1375 0.07968750000000001 0.13125 0.12812500000000002
25 0.34453125 0.078125 0.0765625 0.084375
12 0.61875 0.11875000000000001 0.140625 0.15000000000000002
14 0.8640625000000001 0.12109375 0.12812500000000002 0.1296875
14 0.0890625 0.375 0.1125 0.11875000000000001
19 0.37031250000000004 0.35546875 0.13125 0.13593750000000002
20 0.62265625 0.36875 0.11406250000000001 0.109375
17 0.8562500000000001 0.36328125 0.10312500000000001 0.1046875
16 0.1234375 0.59921875 0.184375 0.18281250000000002
11 0.36250000000000004 0.62109375 0.134375 0.13593750000000002
27 0.6390625000000001 0.59921875 0.1375 0.1421875
