26 0.14453125 0.1375 0.1921875 0.19375
12 0.36640625000000004 0.16328125000000002 0.15781250000000002 0.17343750000000002
19 0.6078125000000001 0.09531250000000001 0.07187500000000001 0.08125
32 0.8703125 0.15781250000000002 0.2 0.19375
17 0.11796875000000001 0.37578125 0.11093750000000001 0.11093750000000001
27 0.38671875 0.3609375 0.15156250000000002 0.153125
8 0.6335937500000001 0.4 0.11093750000000001 0.1375
10 0.87265625 0.38593750000000004 0.15781250000000002 0.1625
8 0.12812500000000002 0.59609375 0.13125 0.1390625
21 0.3515625 0.5945312500000001 0.09062500000000001 0.1203125
