9 0.10703125000000001 0.10078125 0.1265625 0.1234375
27 0.37578125 0.13359375 0.1703125 0.1703125
35 0.6421875 0.15078125 0.16562500000000002 0.1640625
21 0.859375 0.09843750000000001 0.10312500000000001 0.10625000000000001
32 0.11328125 0.3171875 0.1203125 0.096875
6 0.3640625 0.33671875 0.07500000000000001 0.0890625
6 0.6039062500000001 0.37031250000000004 0.09531250000000001 0.12812500000000002
23 0.8601562500000001 0.38046875 0.1296875 0.1265625
25 0.1390625 0.603125 0.16875 0.16875
35 0.36796875 0.6195312500000001 0.1703125 0.1796875
31 0.63984375 0.63828125 0.1859375 0.1703125
27 0.875 0.62265625 0.15625 0.1609375
