14 0.1265625 0.13671875 0.146875 0.15156250000000002
18 0.33671875 0.1421875 0.1015625 0.09062500000000001
6 0.603125 0.1296875 0.07187500000000001 0.1125
0 0.87890625 0.08671875000000001 0.11093750000000001 0.1015625
10 0.10546875 0.3671875 0.1453125 0.15625
11 0.35468750000000004 0.37343750000000003 0.13125 0.13125
9 0.59609375 0.371875 0.0890625 0.1125
21 0.8562500000000001 0.38515625000000003 0.12812500000000002 0.1296875
28 0.109375 0.62109375 0.11875000000000001 0.13593750000000002
14 0.371875 0.6046875 0.140625 0.146875
24 0.6273437500000001 0.6101562500000001 0.1328125 0.1296875
