0 0.11640625 0.13515625 0.08281250000000001 0.1265625
25 0.36328125 0.12734375 0.1546875 0.1546875
4 0.59140625 0.1 0.07968750000000001 0.096875
18 0.8328125000000001 0.1296875 0.1375 0.1375
16 0.1265625 0.35234375 0.1375 0.13593750000000002
4 0.35390625000000003 0.32343750000000004 0.08281250000000001 0.10625000000000001
31 0.6117187500000001 0.36171875000000003 0.1203125 0.1203125
23 0.8609375 0.37109375 0.115625 0.11406250000000001
23 0.125 0.6015625 0.13125 0.13125
16 0.37578125 0.6421875 0.17343750000000002 0.17500000000000002
19 0.62421875 0.5945312500000001 0.1484375 0.15156250000000002
33 0.8695312500000001 0.6335937500000001 0.1640625 0.1609375
29 0.12578125 0.878125 0.1421875 0.1375
7 0.36015625 0.88984375 0.1234375 0.1234375
