12 0.1046875 0.15625 0.12812500000000002 0.140625
25 0.375 0.1390625 0.14375000000000002 0.140625
25 0.6101562500000001 0.11171875 0.1296875 0.1296875
1 0.88671875 0.09531250000000001 0.1453125 0.14375000000000002
8 0.09921875000000001 0.38906250000000003 0.11406250000000001 0.109375
16 0.35468750000000004 0.37812500000000004 0.11875000000000001 0.1375
7 0.625 0.36328125 0.096875 0.1203125
17 0.8460937500000001 0.35703125 0.1421875 0.1421875
21 0.09140625000000001 0.6257812500000001 0.1046875 0.1046875
35 0.37421875000000004 0.5828125000000001 0.11093750000000001 0.1125
6 0.6273437500000001 0.61484375 0.1171875 0.15156250000000002
22 0.8835937500000001 0.6273437500000001 0.1421875 0.1421875
1 0.09375 0.8546875 0.1125 0.12187500000000001
11 0.38046875 0.8539062500000001 0.15781250000000002 0.15781250000000002
32 0.63203125 0.9007812500000001 0.1953125 0.1765625
