2 0.09843750000000001 0.14609375 0.18125000000000002 0.1796875
18 0.3359375 0.12890625 0.059375000000000004 0.1390625
25 0.6335937500000001 0.08828125 0.13593750000000002 0.13593750000000002
4 0.88671875 0.0890625 0.1234375 0.1375
1 0.10234375000000001 0.37890625 0.1234375 0.1296875
25 0.3765625 0.3328125 0.125 0.12812500000000002
0 0.6234375000000001 0.38203125000000004 0.1375 0.1640625
25 0.8625 0.38906250000000003 0.125 0.12812500000000002
21 0.09062500000000001 0.58203125 0.043750000000000004 0.0890625
13 0.35234375 0.63203125 0.1015625 0.09843750000000001
33 0.63046875 0.625 0.17343750000000002 0.171875
