17 0.1171875 0.09843750000000001 0.14375000000000002 0.125
7 0.33828125000000003 0.08125 0.0859375 0.109375
2 0.596875 0.1296875 0.115625 0.109375
6 0.84375 0.109375 0.12187500000000001 0.1375
19 0.1 0.39921875 0.09375 0.1203125
18 0.36328125 0.33906250000000004 0.11093750000000001 0.12812500000000002
14 0.63984375 0.37109375 0.1703125 0.17343750000000002
1 0.8984375 0.328125 0.1125 0.109375
24 0.1296875 0.64765625 0.171875 0.17343750000000002
5 0.38906250000000003 0.63671875 0.171875 0.1703125
24 0.6062500000000001 0.6421875 0.171875 0.171875
13 0.84375 0.57734375 0.1 0.09843750000000001
32 0.1265625 0.90546875 0.16562500000000002 0.1640625
15 0.35859375000000004 0.8812500000000001 0.1546875 0.15937500000000002
