19 0.11953125 0.10703125000000001 0.1203125 0.1203125
34 0.34218750000000003 0.1375 0.084375 0.09375
16 0.61328125 0.11953125 0.13593750000000002 0.1390625
35 0.859375 0.115625 0.1 0.109375
19 0.09921875000000001 0.33984375 0.0703125 0.11093750000000001
23 0.3609375 0.37265625 0.134375 0.1390625
6 0.6156250000000001 0.39921875 0.10625000000000001 0.13593750000000002
20 0.82734375 0.34921875 0.1078125 0.11093750000000001
1 0.0921875 0.6000000000000001 0.134375 0.1375
28 0.34765625 0.59375 0.0671875 0.08750000000000001
