35 0.096875 0.1625 0.184375 0.184375
31 0.35000000000000003 0.13828125 0.07500000000000001 0.1046875
0 0.6117187500000001 0.1265625 0.15156250000000002 0.15000000000000002
8 0.8679687500000001 0.08359375000000001 0.0859375 0.09843750000000001
24 0.11406250000000001 0.35468750000000004 0.1625 0.16562500000000002
8 0.36250000000000004 0.3484375 0.084375 0.11875000000000001
26 0.6171875 0.39609375 0.140625 0.1609375
27 0.88671875 0.3828125 0.18906250000000002 0.1875
23 0.134375 0.5890625 0.22187500000000002 0.21250000000000002
32 0.38046875 0.59296875 0.1390625 0.1078125
27 0.6390625000000001 0.625 0.18125000000000002 0.15000000000000002
11 0.88984375 0.6140625000000001 0.1703125 0.1625
17 0.09531250000000001 0.84921875 0.140625 0.1390625
21 0.37265625 0.8304687500000001 0.1046875 0.1046875
11 0.6375000000000001 0.85703125 0.16562500000000002 0.1640625
1 0.8453125 0.8640625000000001 0.053125000000000006 0.07500000000000001
