17 0.1046875 0.1265625 0.11875000000000001 0.11875000000000001
18 0.33359375 0.1265625 0.029687500000000002 0.1125
33 0.61875 0.0890625 0.10625000000000001 0.10625000000000001
17 0.8757812500000001 0.1015625 0.1265625 0.125
34 0.1 0.4078125 0.09375 0.134375
23 0.3515625 0.359375 0.09375 0.10312500000000001
21 0.61875 0.3796875 0.12187500000000001 0.13125
3 0.8367187500000001 0.35234375 0.0765625 0.0921875
10 0.11171875 0.6265625 0.1421875 0.14375000000000002
2 0.3875 0.5953125 0.12812500000000002 0.125
30 0.6468750000000001 0.6195312500000001 0.1625 0.17343750000000002
