11 0.1234375 0.15390625000000002 0.11875000000000001 0.1421875
6 0.36484375 0.09843750000000001 0.07968750000000001 0.1125
5 0.6234375000000001 0.08671875000000001 0.125 0.1265625
10 0.8515625 0.11093750000000001 0.109375 0.10625000000000001
27 0.1234375 0.33906250000000004 0.12812500000000002 0.125
11 0.3828125 0.403125 0.14375000000000002 0.125
30 0.6375000000000001 0.36562500000000003 0.171875 0.15000000000000002
7 0.86640625 0.39765625000000004 0.1171875 0.1453125
12 0.12578125 0.5632812500000001 0.1078125 0.1171875
4 0.35859375000000004 0.6046875 0.0890625 0.10625000000000001
23 0.6101562500000001 0.5984375000000001 0.1421875 0.153125
28 0.8656250000000001 0.57421875 0.078125 0.0890625
28 0.13203125000000002 0.8757812500000001 0.18281250000000002 0.18281250000000002
28 0.34296875000000004 0.86484375 0.11093750000000001 0.11406250000000001
10 0.6117187500000001 0.88203125 0.09531250000000001 0.1015625
20 0.8562500000000001 0.8859375 0.10312500000000001 0.10312500000000001
