3 0.11484375000000001 0.10859375 0.0859375 0.1046875
4 0.34296875000000004 0.11796875000000001 0.0703125 0.0921875
19 0.6101562500000001 0.15546875000000002 0.1078125 0.1015625
24 0.878125 0.11640625 0.153125 0.1546875
19 0.1125 0.3296875 0.10312500000000001 0.09062500000000001
31 0.36875 0.36015625 0.178125 0.16718750000000002
10 0.63046875 0.32109375 0.11406250000000001 0.1171875
0 0.87109375 0.40156250000000004 0.1015625 0.134375
23 0.15859375 0.625 0.2015625 0.20625000000000002
30 0.38515625000000003 0.6039062500000001 0.1390625 0.1390625
24 0.6195312500000001 0.6203125 0.15156250000000002 0.153125
3 0.8343750000000001 0.6109375 0.096875 0.1
12 0.09921875000000001 0.859375 0.09843750000000001 0.1125
33 0.36328125 0.8695312500000001 0.1421875 0.1328125
31 0.6140625000000001 0.91015625 0.16875 0.1703125
