0 0.09921875000000001 0.10625000000000001 0.09843750000000001 0.1
9 0.359375 0.1 0.084375 0.109375
9 0.61484375 0.146875 0.11406250000000001 0.12812500000000002
16 0.8757812500000001 0.11171875 0.1484375 0.15156250000000002
34 0.09921875000000001 0.37265625 0.13593750000000002 0.13593750000000002
29 0.34687500000000004 0.32578125 0.07187500000000001 0.07968750000000001
2 0.5828125000000001 0.34140625 0.09062500000000001 0.09531250000000001
18 0.88671875 0.32578125 0.09843750000000001 0.09843750000000001
19 0.09765625 0.6414062500000001 0.1421875 0.1390625
30 0.3609375 0.63203125 0.1125 0.1234375
11 0.63203125 0.63984375 0.15156250000000002 0.15156250000000002
26 0.8640625000000001 0.58984375 0.171875 0.17343750000000002
