32 0.1453125 0.14921875 0.178125 0.1328125
34 0.34609375000000003 0.09609375 0.06406250000000001 0.0703125
32 0.61875 0.0890625 0.16562500000000002 0.146875
9 0.85859375 0.12187500000000001 0.11406250000000001 0.125
10 0.1171875 0.36250000000000004 0.125 0.12187500000000001
2 0.35859375000000004 0.36562500000000003 0.1234375 0.140625
3 0.60703125 0.40937500000000004 0.0859375 0.13125
34 0.828125 0.325 0.1 0.10625000000000001
23 0.1328125 0.6265625 0.15937500000000002 0.15937500000000002
20 0.3640625 0.59609375 0.115625 0.11093750000000001
24 0.62265625 0.6062500000000001 0.1390625 0.140625
