1 0.07265625 0.10234375000000001 0.0890625 0.0859375
6 0.3640625 0.1 0.1375 0.14375000000000002
14 0.60859375 0.09375 0.09531250000000001 0.09375
9 0.8578125000000001 0.146875 0.109375 0.109375
24 0.08046875 0.3359375 0.11406250000000001 0.1125
23 0.37343750000000003 0.34375 0.109375 0.1125
0 0.6062500000000001 0.35625 0.10312500000000001 0.12187500000000001
27 0.90546875 0.371875 0.2171875 0.2
33 0.11953125 0.6203125 0.1546875 0.15000000000000002
26 0.3609375 0.64453125 0.125 0.15156250000000002
22 0.65 0.59609375 0.16562500000000002 0.15781250000000002
31 0.85703125 0.6257812500000001 0.1265625 0.1265625
13 0.1 0.8203125 0.078125 0.07500000000000001
