23 0.14453125 0.10703125000000001 0.16718750000000002 0.16718750000000002
10 0.34687500000000004 0.1015625 0.1 0.10312500000000001
29 0.60546875 0.13984375000000002 0.1328125 0.13593750000000002
34 0.89765625 0.11953125 0.15781250000000002 0.1546875
2 0.1203125 0.34296875000000004 0.125 0.1328125
2 0.36015625 0.34453125 0.1046875 0.1015625
6 0.6414062500000001 0.37109375 0.1484375 0.15781250000000002
0 0.87421875 0.3875 0.1703125 0.16562500000000002
35 0.08671875000000001 0.58046875 0.09843750000000001 0.11406250000000001
21 0.35859375000000004 0.6335937500000001 0.1390625 0.15156250000000002
3 0.6171875 0.6039062500000001 0.10312500000000001 0.1296875
1 0.88046875 0.5984375000000001 0.1015625 0.109375
