9 0.13671875 0.11484375000000001 0.1765625 0.16718750000000002
18 0.34140625 0.13046875 0.060937500000000006 0.0859375
11 0.6234375000000001 0.11640625 0.1125 0.1171875
4 0.8539062500000001 0.08984375 0.0765625 0.1015625
0 0.09843750000000001 0.36562500000000003 0.1125 0.125
13 0.359375 0.390625 0.115625 0.1125
27 0.628125 0.37265625 0.15000000000000002 0.1609375
27 0.8765625 0.33984375 0.10312500000000001 0.1046875
5 0.09140625000000001 0.6351562500000001 0.1390625 0.1453125
17 0.38906250000000003 0.60859375 0.153125 0.15156250000000002
30 0.63671875 0.5921875 0.1203125 0.12187500000000001
