7 0.09453125000000001 0.10234375000000001 0.1234375 0.1296875
35 0.37031250000000004 0.1015625 0.134375 0.15000000000000002
12 0.57265625 0.11484375000000001 0.1046875 0.1015625
29 0.84765625 0.140625 0.1484375 0.15000000000000002
32 0.1421875 0.3453125 0.16875 0.14375000000000002
18 0.33437500000000003 0.325 0.028125 0.08750000000000001
11 0.6140625000000001 0.328125 0.1125 0.1
23 0.846875 0.340625 0.10625000000000001 0.096875
8 0.096875 0.6335937500000001 0.10625000000000001 0.1171875
4 0.37421875000000004 0.625 0.1453125 0.15000000000000002
35 0.58203125 0.6195312500000001 0.11093750000000001 0.11093750000000001
