32 0.15000000000000002 0.0734375 0.13125 0.115625
20 0.35468750000000004 0.09140625000000001 0.16875 0.1796875
6 0.60703125 0.09453125000000001 0.1015625 0.1203125
18 0.89375 0.13984375000000002 0.15000000000000002 0.1484375
8 0.11875000000000001 0.3875 0.1625 0.15937500000000002
20 0.38125000000000003 0.34687500000000004 0.125 0.11875000000000001
14 0.6117187500000001 0.37812500000000004 0.1296875 0.134375
3 0.87265625 0.35703125 0.16718750000000002 0.1609375
4 0.11484375000000001 0.57265625 0.09531250000000001 0.11093750000000001
33 0.36640625000000004 0.57578125 0.1046875 0.09531250000000001
17 0.61875 0.65546875 0.140625 0.1609375
2 0.8523437500000001 0.6273437500000001 0.07968750000000001 0.1046875
