34 0.11171875 0.11093750000000001 0.1265625 0.125
29 0.375 0.115625 0.171875 0.16875
16 0.6171875 0.1375 0.11875000000000001 0.125
25 0.8734375000000001 0.14609375 0.134375 0.15156250000000002
5 0.10390625 0.34453125 0.1046875 0.1296875
16 0.35390625000000003 0.3828125 0.0859375 0.09375
28 0.6109375 0.40234375 0.140625 0.15781250000000002
16 0.8609375 0.37031250000000004 0.12187500000000001 0.15625
27 0.12265625000000001 0.59609375 0.13593750000000002 0.1296875
24 0.3921875 0.59296875 0.15937500000000002 0.1609375
6 0.6062500000000001 0.5984375000000001 0.10625000000000001 0.10312500000000001
8 0.8515625 0.6140625000000001 0.096875 0.12812500000000002
3 0.08984375 0.8671875 0.08281250000000001 0.10312500000000001
26 0.3375 0.8546875 0.140625 0.140625
24 0.6117187500000001 0.85859375 0.1296875 0.1328125
