29 0.10390625 0.109375 0.0734375 0.07500000000000001
6 0.37734375000000003 0.08046875 0.0921875 0.1078125
9 0.6359375 0.1328125 0.140625 0.134375
32 0.8210937500000001 0.08984375 0.09843750000000001 0.09531250000000001
3 0.13671875 0.33828125000000003 0.1328125 0.1453125
34 0.3671875 0.35390625000000003 0.11875000000000001 0.1171875
34 0.6429687500000001 0.36171875000000003 0.1453125 0.1453125
23 0.8890625000000001 0.34218750000000003 0.19687500000000002 0.15000000000000002
0 0.10390625 0.61875 0.1171875 0.140625
14 0.38203125000000004 0.6453125000000001 0.1546875 0.1625
