10 0.0671875 0.1078125 0.115625 0.11875000000000001
13 0.3875 0.08515625 0.134375 0.13593750000000002
21 0.603125 0.14140625 0.109375 0.1046875
1 0.8601562500000001 0.12890625 0.0859375 0.11406250000000001
16 0.11796875000000001 0.32421875 0.0921875 0.1046875
26 0.36640625000000004 0.340625 0.09843750000000001 0.10625000000000001
33 0.628125 0.384375 0.153125 0.15000000000000002
14 0.86328125 0.371875 0.1421875 0.14375000000000002
10 0.11328125 0.6125 0.1234375 0.125
18 0.3515625 0.6156250000000001 0.078125 0.1125
33 0.625 0.64453125 0.12187500000000001 0.11406250000000001
9 0.83515625 0.60859375 0.045312500000000006 0.07968750000000001
12 0.10234375000000001 0.86328125 0.1296875 0.1296875
6 0.34765625 0.8375 0.0703125 0.10312500000000001
28 0.6062500000000001 0.8406250000000001 0.11875000000000001 0.13125
16 0.8679687500000001 0.8835937500000001 0.1640625 0.1640625
