0 0.1296875 0.1421875 0.109375 0.13125
31 0.33906250000000004 0.1078125 0.146875 0.146875
20 0.6171875 0.11875000000000001 0.140625 0.140625
0 0.83359375 0.1421875 0.1328125 0.134375
2 0.1375 0.35703125 0.146875 0.1421875
10 0.37343750000000003 0.321875 0.109375 0.115625
7 0.61328125 0.38515625000000003 0.1328125 0.13593750000000002
4 0.8515625 0.3609375 0.153125 0.16562500000000002
16 0.15546875000000002 0.625 0.1953125 0.2
28 0.3453125 0.6421875 0.15625 0.1625
21 0.58203125 0.6000000000000001 0.08281250000000001 0.1125
30 0.86875 0.6039062500000001 0.17500000000000002 0.1796875
16 0.12265625000000001 0.8640625000000001 0.15156250000000002 0.153125
28 0.359375 0.86328125 0.12187500000000001 0.13593750000000002
16 0.62109375 0.8703125 0.15156250000000002 0.15000000000000002
