29 0.10625000000000001 0.11093750000000001 0.10625000000000001 0.125
32 0.415625 0.1453125 0.18125000000000002 0.15937500000000002
18 0.5953125 0.09609375 0.0625 0.1390625
23 0.86328125 0.115625 0.1390625 0.146875
8 0.10546875 0.36250000000000004 0.0890625 0.109375
20 0.3515625 0.371875 0.07187500000000001 0.1125
27 0.6062500000000001 0.37109375 0.10312500000000001 0.09843750000000001
17 0.8929687500000001 0.40078125000000003 0.1484375 0.1421875
35 0.09609375 0.62890625 0.0734375 0.11406250000000001
31 0.35234375 0.60546875 0.09531250000000001 0.09531250000000001
27 0.6140625000000001 0.6046875 0.11875000000000001 0.115625
1 0.84765625 0.565625 0.060937500000000006 0.084375
