32 0.1015625 0.08984375 0.078125 0.0734375
29 0.34375 0.12187500000000001 0.10625000000000001 0.12812500000000002
24 0.6195312500000001 0.1046875 0.11406250000000001 0.115625
31 0.878125 0.096875 0.15937500000000002 0.15000000000000002
16 0.13046875 0.38984375000000004 0.1421875 0.1421875
33 0.37421875000000004 0.36875 0.1546875 0.153125
3 0.6117187500000001 0.39296875000000003 0.1265625 0.1296875
11 0.88671875 0.3671875 0.1765625 0.171875
17 0.12187500000000001 0.5984375000000001 0.11875000000000001 0.125
6 0.35468750000000004 0.6234375000000001 0.065625 0.09375
7 0.5953125 0.6109375 0.096875 0.096875
15 0.8703125 0.60546875 0.12812500000000002 0.11406250000000001
28 0.10703125000000001 0.84296875 0.0890625 0.1078125
33 0.34453125 0.8703125 0.1078125 0.109375
27 0.6109375 0.88828125 0.115625 0.1171875
