16 0.10625000000000001 0.1453125 0.09062500000000001 0.12187500000000001
10 0.35468750000000004 0.10859375 0.1125 0.11093750000000001
9 0.62265625 0.08203125 0.11093750000000001 0.1234375
6 0.8625 0.1296875 0.140625 0.16562500000000002
23 0.12578125 0.38203125000000004 0.1328125 0.1453125
17 0.36875 0.3453125 0.1625 0.1625
2 0.61875 0.38984375000000004 0.11875000000000001 0.1265625
8 0.8515625 0.3953125 0.15625 0.1625
0 0.09843750000000001 0.63046875 0.10312500000000001 0.09531250000000001
11 0.39609375 0.60546875 0.15781250000000002 0.1609375
24 0.62421875 0.62109375 0.15781250000000002 0.1609375
27 0.8773437500000001 0.6375000000000001 0.1703125 0.146875
