3 0.08828125 0.1203125 0.0890625 0.09375
10 0.37265625 0.13046875 0.1296875 0.1296875
35 0.5890625 0.0890625 0.065625 0.078125
3 0.8445312500000001 0.10078125 0.0765625 0.09531250000000001
8 0.11953125 0.3953125 0.1265625 0.140625
19 0.390625 0.30859375 0.09062500000000001 0.07968750000000001
31 0.6156250000000001 0.359375 0.1375 0.1375
8 0.8695312500000001 0.353125 0.1046875 0.134375
2 0.11875000000000001 0.6195312500000001 0.1 0.11406250000000001
21 0.35781250000000003 0.63671875 0.115625 0.1203125
23 0.6101562500000001 0.6101562500000001 0.1203125 0.1203125
22 0.8703125 0.63828125 0.15000000000000002 0.1453125
16 0.1171875 0.8875000000000001 0.16562500000000002 0.1625
