13 0.06875 0.09140625000000001 0.09062500000000001 0.0921875
18 0.36562500000000003 0.060937500000000006 0.07500000000000001 0.09062500000000001
32 0.64765625 0.0859375 0.19843750000000002 0.203125
9 0.8382812500000001 0.1125 0.1265625 0.12187500000000001
21 0.1078125 0.40546875000000004 0.11875000000000001 0.1546875
7 0.36328125 0.36484375 0.1484375 0.1484375
3 0.59140625 0.36640625000000004 0.1328125 0.1265625
3 0.8390625 0.32578125 0.08750000000000001 0.1046875
4 0.09296875 0.63203125 0.1171875 0.11406250000000001
4 0.33046875000000003 0.6117187500000001 0.07968750000000001 0.0859375
5 0.6109375 0.59609375 0.09375 0.1078125
7 0.8445312500000001 0.62421875 0.0859375 0.1046875
