23 0.13359375 0.11953125 0.1703125 0.1703125
7 0.37031250000000004 0.146875 0.13125 0.140625
4 0.5953125 0.1609375 0.125 0.146875
24 0.8562500000000001 0.0890625 0.15000000000000002 0.153125
34 0.12578125 0.38515625000000003 0.1328125 0.1390625
31 0.35234375 0.37421875000000004 0.1234375 0.1203125
0 0.60546875 0.37265625 0.1421875 0.1484375
8 0.84921875 0.371875 0.0890625 0.125
3 0.1328125 0.65 0.146875 0.146875
15 0.37265625 0.59765625 0.11093750000000001 0.1390625
17 0.6109375 0.64375 0.08750000000000001 0.12187500000000001
13 0.8609375 0.6453125000000001 0.125 0.13125
3 0.10078125 0.8968750000000001 0.1171875 0.146875
4 0.35859375000000004 0.8640625000000001 0.1328125 0.134375
