6 0.09609375 0.10625000000000001 0.1203125 0.12812500000000002
20 0.37421875000000004 0.096875 0.1265625 0.12812500000000002
7 0.6179687500000001 0.096875 0.09531250000000001 0.10312500000000001
14 0.84765625 0.10390625 0.0921875 0.09843750000000001
21 0.109375 0.34687500000000004 0.09062500000000001 0.109375
2 0.3515625 0.3671875 0.15625 0.15000000000000002
18 0.603125 0.36562500000000003 0.078125 0.084375
13 0.86484375 0.375 0.11093750000000001 0.11875000000000001
5 0.10078125 0.6117187500000001 0.1078125 0.1296875
17 0.3765625 0.5984375000000001 0.12812500000000002 0.134375
35 0.62265625 0.5984375000000001 0.1390625 0.14375000000000002
16 0.8679687500000001 0.61328125 0.1046875 0.1171875
26 0.14453125 0.8992187500000001 0.1609375 0.15781250000000002
1 0.34375 0.82578125 0.053125000000000006 0.0921875
9 0.6234375000000001 0.88046875 0.12812500000000002 0.1265625
6 0.8515625 0.8765625 0.14375000000000002 0.153125
