23 0.1390625 0.10390625 0.15000000000000002 0.1390625
32 0.37734375000000003 0.1296875 0.1609375 0.14375000000000002
32 0.6328125 0.10390625 0.16562500000000002 0.1640625
2 0.8500000000000001 0.09296875 0.08750000000000001 0.1046875
6 0.1234375 0.36171875000000003 0.07500000000000001 0.1234375
9 0.3453125 0.36171875000000003 0.084375 0.09843750000000001
1 0.5789062500000001 0.34765625 0.1046875 0.11093750000000001
20 0.884375 0.3609375 0.146875 0.16562500000000002
31 0.1171875 0.6468750000000001 0.171875 0.15000000000000002
10 0.34140625 0.6117187500000001 0.1546875 0.15156250000000002
