29 0.0921875 0.09609375 0.134375 0.1421875
24 0.37031250000000004 0.14453125 0.13125 0.13593750000000002
7 0.6375000000000001 0.14296875 0.13125 0.1484375
21 0.8617187500000001 0.09765625 0.1390625 0.1265625
8 0.12421875 0.3828125 0.1328125 0.1625
6 0.35078125000000004 0.33984375 0.0765625 0.1078125
28 0.5984375000000001 0.35078125000000004 0.10312500000000001 0.1171875
1 0.8515625 0.35468750000000004 0.10625000000000001 0.10625000000000001
10 0.11484375000000001 0.6328125 0.1390625 0.1375
35 0.35859375000000004 0.6546875000000001 0.09531250000000001 0.140625
10 0.6101562500000001 0.6039062500000001 0.1703125 0.17343750000000002
11 0.8515625 0.61875 0.096875 0.10625000000000001
4 0.08828125 0.8609375 0.0859375 0.1
11 0.36328125 0.8640625000000001 0.13593750000000002 0.1375
10 0.59375 0.8640625000000001 0.134375 0.134375
2 0.878125 0.8460937500000001 0.15000000000000002 0.1546875
