2 0.09609375 0.11015625000000001 0.0703125 0.0921875
23 0.34140625 0.10625000000000001 0.1046875 0.11875000000000001
11 0.61640625 0.11015625000000001 0.13593750000000002 0.1390625
29 0.82578125 0.1125 0.1046875 0.10312500000000001
17 0.09531250000000001 0.37031250000000004 0.096875 0.10625000000000001
0 0.37734375000000003 0.34453125 0.1296875 0.1265625
16 0.6531250000000001 0.36250000000000004 0.18125000000000002 0.184375
8 0.8515625 0.38984375000000004 0.10312500000000001 0.11406250000000001
21 0.1328125 0.6507812500000001 0.15625 0.1609375
23 0.3671875 0.62421875 0.1375 0.13593750000000002
23 0.6109375 0.6390625000000001 0.115625 0.115625
35 0.8640625000000001 0.62421875 0.125 0.1296875
4 0.0890625 0.87890625 0.1 0.1046875
6 0.3359375 0.8671875 0.109375 0.115625
