26 0.134375 0.13984375000000002 0.1625 0.17343750000000002
18 0.33437500000000003 0.07890625000000001 0.028125 0.09843750000000001
22 0.6296875000000001 0.11953125 0.16875 0.1453125
11 0.8695312500000001 0.1296875 0.11093750000000001 0.134375
33 0.11328125 0.3765625 0.1078125 0.1125
0 0.35859375000000004 0.36796875 0.0765625 0.11093750000000001
4 0.6117187500000001 0.3359375 0.0890625 0.1125
14 0.8617187500000001 0.33671875 0.0890625 0.0921875
0 0.1296875 0.5921875 0.153125 0.15625
17 0.3953125 0.6468750000000001 0.1625 0.15937500000000002
31 0.634375 0.59609375 0.09375 0.1078125
