20 0.11406250000000001 0.09843750000000001 0.16562500000000002 0.16875
7 0.371875 0.1203125 0.12812500000000002 0.1375
23 0.6171875 0.11953125 0.15000000000000002 0.15156250000000002
0 0.86640625 0.09296875 0.1078125 0.1046875
29 0.09843750000000001 0.34921875 0.09375 0.1171875
11 0.35000000000000003 0.37734375000000003 0.134375 0.1328125
6 0.61875 0.3484375 0.1375 0.15625
20 0.8734375000000001 0.40468750000000003 0.17500000000000002 0.17500000000000002
3 0.09921875000000001 0.6125 0.1421875 0.1375
7 0.3765625 0.6234375000000001 0.12187500000000001 0.1375
