35 0.10625000000000001 0.0765625 0.08750000000000001 0.096875
13 0.3875 0.06796875000000001 0.109375 0.11093750000000001
27 0.6015625 0.11484375000000001 0.096875 0.09531250000000001
8 0.8601562500000001 0.1296875 0.0859375 0.134375
25 0.10703125000000001 0.35078125000000004 0.0921875 0.1015625
23 0.3453125 0.36484375 0.1125 0.11093750000000001
16 0.64609375 0.41250000000000003 0.1796875 0.19062500000000002
14 0.8757812500000001 0.34296875000000004 0.1234375 0.1234375
35 0.13046875 0.6414062500000001 0.15781250000000002 0.1546875
35 0.3484375 0.5984375000000001 0.08125 0.1125
23 0.6296875000000001 0.6390625000000001 0.125 0.125
23 0.89453125 0.61640625 0.1921875 0.1921875
17 0.11093750000000001 0.8695312500000001 0.1375 0.1390625
