35 0.08671875000000001 0.07265625 0.0859375 0.1015625
6 0.359375 0.12890625 0.125 0.1453125
29 0.578125 0.1078125 0.08750000000000001 0.09062500000000001
27 0.859375 0.07578125000000001 0.11875000000000001 0.1203125
16 0.1203125 0.32421875 0.09375 0.09843750000000001
21 0.3640625 0.31093750000000003 0.078125 0.10312500000000001
34 0.5984375000000001 0.3671875 0.10312500000000001 0.10312500000000001
13 0.84375 0.31875000000000003 0.084375 0.08125
35 0.13125 0.59375 0.12812500000000002 0.12812500000000002
17 0.34375 0.6156250000000001 0.11875000000000001 0.11875000000000001
