27 0.10234375000000001 0.13125 0.1171875 0.11875000000000001
7 0.38984375000000004 0.07187500000000001 0.1078125 0.10312500000000001
2 0.64375 0.1390625 0.178125 0.17500000000000002
13 0.9070312500000001 0.08828125 0.13593750000000002 0.1328125
18 0.08828125 0.37265625 0.1203125 0.1171875
2 0.37109375 0.33828125000000003 0.0921875 0.0890625
14 0.5890625 0.34296875000000004 0.07500000000000001 0.07968750000000001
1 0.84375 0.38593750000000004 0.115625 0.15000000000000002
21 0.1296875 0.6156250000000001 0.15937500000000002 0.1625
19 0.3453125 0.6125 0.09375 0.140625
16 0.6023437500000001 0.5906250000000001 0.1546875 0.15937500000000002
1 0.85546875 0.62890625 0.09531250000000001 0.11093750000000001
11 0.12109375 0.8421875000000001 0.1203125 0.11875000000000001
4 0.34453125 0.8773437500000001 0.1078125 0.1078125
32 0.63828125 0.8796875000000001 0.1921875 0.178125
