14 0.109375 0.10312500000000001 0.10625000000000001 0.10625000000000001
7 0.35625 0.12421875 0.1125 0.13593750000000002
16 0.6195312500000001 0.08046875 0.09843750000000001 0.1015625
21 0.86328125 0.09453125000000001 0.0921875 0.1265625
7 0.07265625 0.36015625 0.1078125 0.1078125
21 0.36875 0.37421875000000004 0.14375000000000002 0.1484375
19 0.59921875 0.3921875 0.1703125 0.17500000000000002
35 0.86875 0.37031250000000004 0.15000000000000002 0.15000000000000002
35 0.11875000000000001 0.57578125 0.09062500000000001 0.0921875
23 0.37578125 0.6125 0.1421875 0.140625
8 0.63203125 0.5765625 0.1078125 0.12187500000000001
32 0.8679687500000001 0.5867187500000001 0.1609375 0.1640625
15 0.12734375 0.8835937500000001 0.15156250000000002 0.1453125
8 0.35390625000000003 0.8546875 0.1265625 0.15625
15 0.6125 0.86875 0.109375 0.12187500000000001
