20 0.1 0.11328125 0.14375000000000002 0.1453125
33 0.37109375 0.08515625 0.1171875 0.1203125
9 0.6125 0.140625 0.1 0.12812500000000002
16 0.8828125 0.12734375 0.184375 0.1859375
20 0.1265625 0.3671875 0.17500000000000002 0.17500000000000002
31 0.33125000000000004 0.3609375 0.10312500000000001 0.10312500000000001
17 0.6335937500000001 0.35234375 0.15781250000000002 0.15781250000000002
21 0.8703125 0.38515625000000003 0.1375 0.1296875
31 0.1015625 0.6046875 0.1 0.1
1 0.38593750000000004 0.6375000000000001 0.125 0.134375
35 0.59140625 0.5890625 0.0578125 0.08750000000000001
5 0.875 0.6375000000000001 0.125 0.140625
2 0.11953125 0.86484375 0.11093750000000001 0.1328125
32 0.375 0.8460937500000001 0.19375 0.1921875
31 0.6328125 0.9085937500000001 0.15937500000000002 0.16718750000000002
9 0.8484375000000001 0.8578125000000001 0.08750000000000001 0.096875
