35 0.078125 0.08515625 0.10625000000000001 0.1078125
33 0.38906250000000003 0.10546875 0.17500000000000002 0.17343750000000002
35 0.6015625 0.09531250000000001 0.10625000000000001 0.109375
34 0.90546875 0.12421875 0.15781250000000002 0.16718750000000002
13 0.13593750000000002 0.38515625000000003 0.15937500000000002 0.1703125
6 0.35078125000000004 0.3375 0.1265625 0.134375
0 0.6125 0.3828125 0.09375 0.11875000000000001
20 0.8765625 0.37421875000000004 0.125 0.13593750000000002
3 0.08046875 0.58046875 0.07968750000000001 0.1015625
26 0.3765625 0.59375 0.12812500000000002 0.13125
11 0.6101562500000001 0.5953125 0.09843750000000001 0.109375
3 0.85078125 0.6078125000000001 0.11406250000000001 0.12187500000000001
