3 0.11484375000000001 0.11953125 0.09843750000000001 0.11406250000000001
19 0.34765625 0.13125 0.1234375 0.1375
15 0.6351562500000001 0.09375 0.1296875 0.12812500000000002
11 0.8734375000000001 0.12109375 0.134375 0.1421875
25 0.10078125 0.37343750000000003 0.11406250000000001 0.13125
8 0.371875 0.353125 0.146875 0.16562500000000002
31 0.6273437500000001 0.34453125 0.1484375 0.1546875
27 0.90546875 0.3765625 0.21406250000000002 0.178125
34 0.14296875 0.603125 0.1203125 0.134375
14 0.3484375 0.6257812500000001 0.09062500000000001 0.09531250000000001
21 0.6171875 0.578125 0.1 0.10312500000000001
