33 0.1234375 0.0921875 0.134375 0.140625
7 0.3640625 0.153125 0.1125 0.1125
18 0.6375000000000001 0.06640625 0.09375 0.0890625
17 0.86484375 0.12109375 0.1078125 0.1265625
25 0.1 0.34375 0.059375000000000004 0.10625000000000001
4 0.35390625000000003 0.36953125000000003 0.11093750000000001 0.1328125
17 0.6023437500000001 0.36484375 0.11406250000000001 0.11406250000000001
11 0.8765625 0.39453125 0.14375000000000002 0.1453125
35 0.10546875 0.60546875 0.11406250000000001 0.1203125
33 0.36562500000000003 0.6359375 0.140625 0.140625
16 0.6117187500000001 0.628125 0.1453125 0.14375000000000002
17 0.89375 0.6234375000000001 0.18125000000000002 0.18125000000000002
8 0.08359375000000001 0.8562500000000001 0.06406250000000001 0.08750000000000001
