35 0.12578125 0.09609375 0.1265625 0.1296875
30 0.3609375 0.09296875 0.10312500000000001 0.1046875
10 0.6218750000000001 0.1125 0.1875 0.1875
29 0.8640625000000001 0.1484375 0.096875 0.10625000000000001
1 0.0921875 0.3640625 0.14375000000000002 0.140625
13 0.328125 0.34375 0.09375 0.096875
13 0.6125 0.35390625000000003 0.12187500000000001 0.1234375
14 0.878125 0.35000000000000003 0.12812500000000002 0.12812500000000002
2 0.109375 0.59609375 0.10312500000000001 0.1046875
3 0.375 0.58515625 0.096875 0.1015625
13 0.6234375000000001 0.6015625 0.109375 0.115625
