0 0.1078125 0.1125 0.146875 0.171875
13 0.36328125 0.13203125000000002 0.1328125 0.1296875
4 0.60546875 0.10703125000000001 0.11406250000000001 0.1265625
17 0.84921875 0.11328125 0.09531250000000001 0.09531250000000001
16 0.134375 0.34765625 0.1375 0.13593750000000002
6 0.37265625 0.32890625 0.0890625 0.09843750000000001
2 0.6078125000000001 0.39921875 0.1125 0.11093750000000001
24 0.8921875 0.36250000000000004 0.134375 0.1375
16 0.1078125 0.6453125000000001 0.134375 0.140625
5 0.37031250000000004 0.6328125 0.12812500000000002 0.13125
17 0.59609375 0.6296875000000001 0.0578125 0.084375
27 0.87265625 0.6195312500000001 0.1234375 0.1390625
28 0.1390625 0.84765625 0.1625 0.1640625
26 0.35234375 0.890625 0.1609375 0.16562500000000002
