23 0.1203125 0.09531250000000001 0.1125 0.13125
11 0.34687500000000004 0.13515625 0.09375 0.0921875
10 0.62421875 0.10234375000000001 0.13593750000000002 0.1421875
29 0.8562500000000001 0.08984375 0.084375 0.0890625
2 0.1015625 0.36640625000000004 0.115625 0.1234375
5 0.34218750000000003 0.35390625000000003 0.078125 0.1046875
1 0.60703125 0.37265625 0.1171875 0.1265625
11 0.8601562500000001 0.35703125 0.11093750000000001 0.11093750000000001
28 0.11093750000000001 0.60859375 0.10312500000000001 0.1265625
10 0.34921875 0.6179687500000001 0.1453125 0.1453125
3 0.6023437500000001 0.6257812500000001 0.1421875 0.13593750000000002
7 0.8703125 0.6078125000000001 0.09375 0.1125
5 0.1296875 0.84296875 0.11875000000000001 0.1203125
26 0.35468750000000004 0.8835937500000001 0.109375 0.1203125
