0 0.10859375 0.11640625 0.1640625 0.15156250000000002
0 0.36796875 0.12265625000000001 0.1296875 0.1296875
8 0.628125 0.11093750000000001 0.12187500000000001 0.1375
17 0.846875 0.153125 0.184375 0.1875
21 0.11406250000000001 0.32343750000000004 0.08125 0.1
16 0.37890625 0.35234375 0.15156250000000002 0.1546875
27 0.62109375 0.34921875 0.1203125 0.1203125
18 0.8539062500000001 0.36484375 0.1234375 0.1265625
8 0.13359375 0.6414062500000001 0.1484375 0.15156250000000002
13 0.35781250000000003 0.6078125000000001 0.1125 0.1125
15 0.62421875 0.6062500000000001 0.1859375 0.184375
4 0.86328125 0.6359375 0.1078125 0.14375000000000002
11 0.13046875 0.8484375000000001 0.1390625 0.140625
7 0.3765625 0.8171875000000001 0.078125 0.084375
24 0.6273437500000001 0.90234375 0.18281250000000002 0.18281250000000002
