16 0.13515625 0.14296875 0.1421875 0.1390625
1 0.36250000000000004 0.10234375000000001 0.078125 0.0921875
4 0.6039062500000001 0.11484375000000001 0.1171875 0.11093750000000001
16 0.88046875 0.15390625000000002 0.1390625 0.1484375
21 0.1125 0.37421875000000004 0.13125 0.1421875
20 0.36171875000000003 0.3796875 0.11406250000000001 0.11875000000000001
24 0.6296875000000001 0.32343750000000004 0.12187500000000001 0.12812500000000002
19 0.8500000000000001 0.371875 0.078125 0.12812500000000002
6 0.11406250000000001 0.6046875 0.115625 0.15000000000000002
6 0.36875 0.57421875 0.096875 0.1078125
26 0.6156250000000001 0.6039062500000001 0.09375 0.1296875
16 0.8640625000000001 0.61875 0.146875 0.146875
30 0.1484375 0.8453125 0.146875 0.140625
16 0.36328125 0.8460937500000001 0.1421875 0.1453125
