6 0.12734375 0.15234375 0.1421875 0.15156250000000002
33 0.3453125 0.11953125 0.05 0.07968750000000001
19 0.628125 0.13593750000000002 0.153125 0.153125
4 0.87109375 0.1203125 0.15781250000000002 0.1625
17 0.134375 0.36484375 0.140625 0.1390625
2 0.36796875 0.31953125000000004 0.09531250000000001 0.1078125
20 0.6257812500000001 0.38125000000000003 0.13593750000000002 0.10312500000000001
0 0.82734375 0.3453125 0.11406250000000001 0.11875000000000001
26 0.1046875 0.6468750000000001 0.16562500000000002 0.171875
35 0.36015625 0.61875 0.11406250000000001 0.115625
15 0.5921875 0.59609375 0.06875 0.0734375
2 0.86875 0.6234375000000001 0.15937500000000002 0.16562500000000002
