3 0.13203125000000002 0.14375000000000002 0.1484375 0.15000000000000002
33 0.36328125 0.09765625 0.1078125 0.1015625
27 0.6375000000000001 0.1296875 0.184375 0.184375
23 0.8757812500000001 0.12109375 0.1328125 0.1328125
20 0.1421875 0.35390625000000003 0.153125 0.15156250000000002
33 0.36875 0.39140625 0.17500000000000002 0.17343750000000002
32 0.6429687500000001 0.384375 0.1703125 0.140625
17 0.8382812500000001 0.3609375 0.11406250000000001 0.115625
25 0.1171875 0.6000000000000001 0.140625 0.1375
16 0.36171875000000003 0.609375 0.1453125 0.14375000000000002
