10 0.08203125 0.0921875 0.1171875 0.11875000000000001
7 0.35234375 0.134375 0.1203125 0.125
35 0.61484375 0.12265625000000001 0.1328125 0.1390625
29 0.88828125 0.11484375000000001 0.1203125 0.13593750000000002
25 0.12109375 0.34921875 0.1234375 0.1203125
13 0.36796875 0.35859375000000004 0.1296875 0.1328125
19 0.609375 0.37421875000000004 0.1 0.1265625
27 0.8265625000000001 0.36250000000000004 0.1 0.1
35 0.11015625000000001 0.6109375 0.1015625 0.10312500000000001
6 0.36015625 0.6015625 0.1296875 0.134375
31 0.6390625000000001 0.596875 0.1375 0.1375
22 0.8890625000000001 0.6171875 0.17500000000000002 0.146875
