8 0.1171875 0.10234375000000001 0.096875 0.1296875
32 0.39296875000000003 0.1046875 0.2078125 0.19062500000000002
33 0.6218750000000001 0.125 0.184375 0.18125000000000002
10 0.884375 0.11093750000000001 0.18125000000000002 0.18125000000000002
13 0.13593750000000002 0.36875 0.14375000000000002 0.153125
27 0.35390625000000003 0.38125000000000003 0.1015625 0.12812500000000002
4 0.5921875 0.37343750000000003 0.07187500000000001 0.08750000000000001
4 0.8609375 0.37421875000000004 0.09062500000000001 0.1171875
33 0.12421875 0.6125 0.1859375 0.184375
30 0.35468750000000004 0.6453125000000001 0.1375 0.1375
17 0.61328125 0.60078125 0.1046875 0.09531250000000001
2 0.859375 0.58515625 0.09375 0.11093750000000001
30 0.14453125 0.8226562500000001 0.11406250000000001 0.11406250000000001
7 0.384375 0.8140625 0.084375 0.09062500000000001
