34 0.1171875 0.1375 0.12812500000000002 0.12812500000000002
10 0.3515625 0.08750000000000001 0.115625 0.125
3 0.6062500000000001 0.11406250000000001 0.140625 0.140625
10 0.87890625 0.12578125 0.16718750000000002 0.1640625
9 0.1234375 0.3609375 0.12187500000000001 0.11875000000000001
9 0.34921875 0.31875000000000003 0.0546875 0.084375
11 0.6140625000000001 0.3453125 0.1 0.10312500000000001
4 0.85859375 0.3875 0.1234375 0.140625
18 0.09765625 0.6000000000000001 0.0859375 0.09375
33 0.39453125 0.57421875 0.1265625 0.1265625
31 0.5796875 0.60078125 0.11875000000000001 0.1203125
