29 0.140625 0.09843750000000001 0.13125 0.1375
1 0.36953125000000003 0.09062500000000001 0.11406250000000001 0.12812500000000002
18 0.61484375 0.13046875 0.11406250000000001 0.1203125
27 0.87890625 0.1375 0.1203125 0.14375000000000002
27 0.10625000000000001 0.37421875000000004 0.146875 0.1453125
24 0.36640625000000004 0.39140625 0.1203125 0.1265625
19 0.59765625 0.37890625 0.09843750000000001 0.1390625
23 0.87109375 0.37812500000000004 0.16718750000000002 0.16562500000000002
10 0.11015625000000001 0.6125 0.1421875 0.146875
2 0.3609375 0.62890625 0.13125 0.13593750000000002
16 0.6429687500000001 0.5906250000000001 0.1296875 0.12812500000000002
17 0.8835937500000001 0.66015625 0.1296875 0.1453125
15 0.10703125000000001 0.87109375 0.1046875 0.11093750000000001
8 0.35625 0.8851562500000001 0.12812500000000002 0.1390625
24 0.6296875000000001 0.8773437500000001 0.15000000000000002 0.15156250000000002
