23 0.11953125 0.10234375000000001 0.1265625 0.1265625
9 0.34921875 0.09921875000000001 0.0734375 0.1078125
35 0.6179687500000001 0.13593750000000002 0.1234375 0.12812500000000002
14 0.859375 0.13359375 0.13125 0.1296875
7 0.09609375 0.37812500000000004 0.0859375 0.10312500000000001
33 0.35078125000000004 0.33984375 0.1265625 0.1234375
23 0.6296875000000001 0.37890625 0.12812500000000002 0.1484375
1 0.84296875 0.38046875 0.1078125 0.1078125
31 0.109375 0.59375 0.109375 0.1
1 0.34296875000000004 0.5906250000000001 0.051562500000000004 0.096875
21 0.61875 0.5828125000000001 0.10312500000000001 0.10625000000000001
