2 0.1 0.1265625 0.12187500000000001 0.125
10 0.36562500000000003 0.14296875 0.12812500000000002 0.1328125
19 0.6101562500000001 0.13046875 0.1265625 0.1234375
2 0.86328125 0.084375 0.09531250000000001 0.115625
8 0.12187500000000001 0.40078125000000003 0.134375 0.1390625
2 0.36250000000000004 0.390625 0.1 0.1375
21 0.5906250000000001 0.36562500000000003 0.1125 0.1125
24 0.8734375000000001 0.36328125 0.184375 0.1859375
7 0.134375 0.5945312500000001 0.096875 0.1171875
31 0.39375000000000004 0.61484375 0.146875 0.15156250000000002
26 0.63828125 0.6109375 0.1296875 0.140625
13 0.8718750000000001 0.63203125 0.146875 0.1453125
31 0.11171875 0.88046875 0.1609375 0.16718750000000002
