16 0.10390625 0.15781250000000002 0.11406250000000001 0.153125
7 0.35234375 0.10078125 0.07968750000000001 0.0890625
31 0.5984375000000001 0.11796875000000001 0.10312500000000001 0.09843750000000001
7 0.859375 0.12109375 0.11875000000000001 0.1203125
16 0.12265625000000001 0.34453125 0.1234375 0.1296875
16 0.40546875000000004 0.3453125 0.1484375 0.15000000000000002
6 0.6039062500000001 0.34140625 0.0890625 0.11406250000000001
1 0.84140625 0.36640625000000004 0.060937500000000006 0.0859375
1 0.11484375000000001 0.6296875000000001 0.1296875 0.13125
23 0.3640625 0.59921875 0.09375 0.0921875
22 0.6039062500000001 0.59140625 0.09843750000000001 0.09531250000000001
23 0.86484375 0.6078125000000001 0.1546875 0.15937500000000002
6 0.1265625 0.8859375 0.1375 0.15625
35 0.375 0.84765625 0.1375 0.13593750000000002
