16 0.140625 0.15546875000000002 0.16875 0.1546875
4 0.3671875 0.07968750000000001 0.1 0.10625000000000001
10 0.6234375000000001 0.09609375 0.134375 0.13593750000000002
8 0.8539062500000001 0.12812500000000002 0.1234375 0.12812500000000002
18 0.08046875 0.38359375 0.045312500000000006 0.09531250000000001
17 0.36796875 0.38203125000000004 0.15156250000000002 0.15781250000000002
3 0.6101562500000001 0.37734375000000003 0.13593750000000002 0.1421875
2 0.85703125 0.35000000000000003 0.11093750000000001 0.115625
16 0.134375 0.63671875 0.209375 0.19843750000000002
23 0.37812500000000004 0.60859375 0.153125 0.15156250000000002
7 0.60078125 0.6101562500000001 0.09531250000000001 0.11093750000000001
7 0.8875000000000001 0.56796875 0.109375 0.11093750000000001
5 0.13125 0.9046875000000001 0.1375 0.153125
21 0.35781250000000003 0.8539062500000001 0.109375 0.1265625
