12 0.09921875000000001 0.15546875000000002 0.1046875 0.1421875
1 0.37578125 0.0859375 0.0921875 0.09062500000000001
13 0.6203125 0.14296875 0.17500000000000002 0.17343750000000002
25 0.85703125 0.14453125 0.1078125 0.09531250000000001
17 0.11093750000000001 0.371875 0.1 0.09062500000000001
0 0.37265625 0.34296875000000004 0.09843750000000001 0.09843750000000001
35 0.6140625000000001 0.37421875000000004 0.16875 0.1703125
17 0.8703125 0.37031250000000004 0.115625 0.084375
35 0.115625 0.6218750000000001 0.096875 0.11875000000000001
33 0.384375 0.6265625 0.178125 0.178125
3 0.58984375 0.61484375 0.1171875 0.1171875
3 0.8515625 0.5921875 0.084375 0.11875000000000001
16 0.16015625 0.8671875 0.20468750000000002 0.203125
27 0.33515625000000004 0.84375 0.1328125 0.13125
