7 0.10390625 0.146875 0.1421875 0.16562500000000002
2 0.32421875 0.11406250000000001 0.1015625 0.1
0 0.571875 0.0921875 0.08125 0.09062500000000001
29 0.89453125 0.16328125000000002 0.1296875 0.15156250000000002
27 0.13359375 0.34140625 0.1296875 0.1328125
19 0.34218750000000003 0.35000000000000003 0.1125 0.12187500000000001
33 0.571875 0.34453125 0.08125 0.0921875
11 0.8914062500000001 0.32109375 0.11093750000000001 0.11093750000000001
3 0.134375 0.59296875 0.14375000000000002 0.1484375
28 0.34453125 0.609375 0.07968750000000001 0.109375
6 0.63203125 0.58359375 0.1296875 0.1296875
