6 0.11015625000000001 0.14375000000000002 0.1203125 0.1125
32 0.42812500000000003 0.11875000000000001 0.20625000000000002 0.203125
11 0.6273437500000001 0.13046875 0.1546875 0.1484375
7 0.8421875000000001 0.09296875 0.084375 0.1046875
29 0.0890625 0.34375 0.1125 0.115625
0 0.38203125000000004 0.37265625 0.09531250000000001 0.1296875
17 0.6273437500000001 0.35625 0.1265625 0.125
19 0.85546875 0.39140625 0.1484375 0.1484375
16 0.10546875 0.61875 0.09531250000000001 0.10312500000000001
14 0.33906250000000004 0.61875 0.0625 0.084375
