9 0.1078125 0.10390625 0.1 0.11093750000000001
17 0.36562500000000003 0.10546875 0.1375 0.13593750000000002
2 0.59765625 0.11328125 0.07968750000000001 0.1046875
19 0.8921875 0.0890625 0.146875 0.146875
13 0.115625 0.38593750000000004 0.12187500000000001 0.11875000000000001
0 0.38984375000000004 0.34609375000000003 0.1234375 0.11406250000000001
2 0.60546875 0.37265625 0.1328125 0.1328125
19 0.8500000000000001 0.38593750000000004 0.13125 0.12187500000000001
6 0.09609375 0.62890625 0.09843750000000001 0.11093750000000001
28 0.3515625 0.62890625 0.07500000000000001 0.1078125
27 0.6125 0.609375 0.084375 0.10312500000000001
29 0.86328125 0.63203125 0.1234375 0.1390625
24 0.096875 0.85859375 0.09375 0.1015625
29 0.36875 0.83359375 0.109375 0.11093750000000001
10 0.6062500000000001 0.859375 0.140625 0.134375
20 0.91171875 0.8640625000000001 0.1796875 0.184375
