25 0.1078125 0.12812500000000002 0.10312500000000001 0.1
33 0.38046875 0.1234375 0.1765625 0.178125
13 0.640625 0.07968750000000001 0.125 0.125
25 0.87109375 0.1453125 0.1765625 0.17500000000000002
19 0.08750000000000001 0.35390625000000003 0.09062500000000001 0.0921875
18 0.3328125 0.36640625000000004 0.07187500000000001 0.1015625
8 0.59375 0.37890625 0.065625 0.09843750000000001
1 0.85703125 0.3875 0.1046875 0.13125
33 0.12890625 0.57421875 0.1046875 0.1046875
18 0.36953125000000003 0.6109375 0.11406250000000001 0.1125
8 0.6296875000000001 0.57421875 0.10312500000000001 0.1015625
13 0.8601562500000001 0.63828125 0.1015625 0.09843750000000001
10 0.11171875 0.8765625 0.1484375 0.15000000000000002
