22 0.10390625 0.13671875 0.11093750000000001 0.1078125
0 0.39296875000000003 0.07187500000000001 0.11093750000000001 0.1125
23 0.61484375 0.115625 0.1234375 0.12187500000000001
0 0.82421875 0.09453125000000001 0.09843750000000001 0.11093750000000001
10 0.109375 0.36328125 0.125 0.1203125
29 0.37734375000000003 0.38125000000000003 0.16718750000000002 0.171875
3 0.6140625000000001 0.39453125 0.1 0.1390625
21 0.8523437500000001 0.35859375000000004 0.08281250000000001 0.1046875
23 0.15000000000000002 0.6375000000000001 0.22187500000000002 0.19687500000000002
6 0.36484375 0.63984375 0.1046875 0.1484375
