29 0.08984375 0.10312500000000001 0.13593750000000002 0.1375
20 0.36875 0.13515625 0.13125 0.1296875
0 0.6078125000000001 0.15703125 0.07500000000000001 0.1203125
33 0.87265625 0.084375 0.1234375 0.125
12 0.11875000000000001 0.37343750000000003 0.14375000000000002 0.153125
17 0.3921875 0.33906250000000004 0.153125 0.134375
16 0.6328125 0.36171875000000003 0.1625 0.1609375
11 0.8757812500000001 0.3921875 0.1703125 0.171875
7 0.11484375000000001 0.60546875 0.0671875 0.0859375
21 0.3515625 0.6312500000000001 0.12187500000000001 0.12187500000000001
