10 0.12578125 0.09453125000000001 0.13593750000000002 0.1390625
29 0.36484375 0.1265625 0.1203125 0.12187500000000001
6 0.5921875 0.11640625 0.078125 0.1015625
10 0.84140625 0.11640625 0.11406250000000001 0.1171875
13 0.10546875 0.35390625000000003 0.07968750000000001 0.0921875
17 0.353125 0.35859375000000004 0.08750000000000001 0.0921875
16 0.63046875 0.36796875 0.1609375 0.15781250000000002
7 0.875 0.32734375000000004 0.10312500000000001 0.1078125
28 0.09531250000000001 0.63046875 0.084375 0.1171875
21 0.371875 0.6257812500000001 0.15000000000000002 0.1609375
28 0.60078125 0.59765625 0.08281250000000001 0.09531250000000001
17 0.88828125 0.6179687500000001 0.1796875 0.1796875
32 0.13593750000000002 0.878125 0.178125 0.1625
