8 0.13671875 0.16171875000000002 0.1484375 0.15156250000000002
34 0.3609375 0.1265625 0.146875 0.146875
6 0.6046875 0.14140625 0.1 0.13593750000000002
20 0.85703125 0.09843750000000001 0.1296875 0.12812500000000002
8 0.1421875 0.32890625 0.109375 0.1078125
0 0.36484375 0.353125 0.1296875 0.153125
8 0.61640625 0.38125000000000003 0.1328125 0.13125
33 0.89453125 0.31875000000000003 0.09843750000000001 0.096875
17 0.09531250000000001 0.6039062500000001 0.115625 0.1171875
33 0.4 0.58984375 0.15000000000000002 0.1484375
1 0.6039062500000001 0.61484375 0.1328125 0.1296875
17 0.89609375 0.634375 0.1703125 0.171875
7 0.11953125 0.8617187500000001 0.1046875 0.1171875
16 0.38906250000000003 0.878125 0.15625 0.1625
