0 0.0859375 0.10625000000000001 0.115625 0.12812500000000002
19 0.34921875 0.15078125 0.17343750000000002 0.1796875
7 0.63671875 0.15390625000000002 0.1484375 0.1421875
3 0.8203125 0.1265625 0.09062500000000001 0.084375
11 0.13359375 0.34921875 0.1484375 0.1484375
17 0.39921875 0.37812500000000004 0.1953125 0.19687500000000002
6 0.60703125 0.35859375000000004 0.0765625 0.1234375
28 0.8796875000000001 0.3375 0.1375 0.146875
14 0.1328125 0.6195312500000001 0.17500000000000002 0.1703125
27 0.36171875000000003 0.61875 0.1390625 0.140625
18 0.6000000000000001 0.63828125 0.08750000000000001 0.0859375
3 0.8718750000000001 0.58984375 0.10625000000000001 0.11406250000000001
