1 0.08828125 0.10234375000000001 0.0578125 0.11093750000000001
13 0.36640625000000004 0.12109375 0.1328125 0.1328125
27 0.6171875 0.1046875 0.115625 0.109375
34 0.8921875 0.12187500000000001 0.11875000000000001 0.134375
25 0.09843750000000001 0.35078125000000004 0.13125 0.1328125
0 0.35703125 0.3484375 0.11406250000000001 0.109375
0 0.6078125000000001 0.34765625 0.084375 0.1296875
23 0.88828125 0.403125 0.22031250000000002 0.209375
27 0.11796875000000001 0.56953125 0.1046875 0.1015625
22 0.38828125 0.6453125000000001 0.1390625 0.140625
17 0.6109375 0.6179687500000001 0.11875000000000001 0.11093750000000001
7 0.8718750000000001 0.625 0.13125 0.13125
32 0.15546875000000002 0.8203125 0.1296875 0.125
31 0.37734375000000003 0.9015625 0.16718750000000002 0.16875
9 0.61875 0.8500000000000001 0.084375 0.10625000000000001
21 0.8617187500000001 0.8914062500000001 0.1015625 0.1015625
