6 0.1328125 0.11406250000000001 0.16562500000000002 0.16562500000000002
7 0.34218750000000003 0.11406250000000001 0.096875 0.1125
34 0.61328125 0.12578125 0.1078125 0.11093750000000001
35 0.8609375 0.11171875 0.096875 0.1046875
35 0.10078125 0.38203125000000004 0.07968750000000001 0.1015625
8 0.35546875 0.3765625 0.1390625 0.140625
31 0.584375 0.33515625000000004 0.1125 0.11406250000000001
23 0.8765625 0.36796875 0.16875 0.17343750000000002
8 0.09062500000000001 0.63046875 0.09062500000000001 0.0859375
24 0.390625 0.59609375 0.1375 0.1421875
