6 0.13671875 0.115625 0.1765625 0.178125
25 0.37734375000000003 0.11796875000000001 0.15156250000000002 0.1546875
25 0.59375 0.08671875000000001 0.1 0.1015625
2 0.8515625 0.12187500000000001 0.08125 0.1125
14 0.115625 0.34609375000000003 0.125 0.1390625
18 0.36250000000000004 0.39140625 0.09062500000000001 0.09843750000000001
7 0.60078125 0.35078125000000004 0.1046875 0.11406250000000001
27 0.8546875 0.390625 0.10312500000000001 0.10312500000000001
10 0.1234375 0.6117187500000001 0.14375000000000002 0.1453125
10 0.39687500000000003 0.5828125000000001 0.125 0.125
12 0.59296875 0.62421875 0.06406250000000001 0.09531250000000001
29 0.8718750000000001 0.63046875 0.14375000000000002 0.1546875
29 0.12578125 0.9078125 0.1296875 0.140625
31 0.340625 0.878125 0.096875 0.096875
28 0.6328125 0.8656250000000001 0.153125 0.16562500000000002
32 0.8765625 0.8609375 0.16562500000000002 0.16562500000000002
