15 0.109375 0.125 0.115625 0.10625000000000001
22 0.35625 0.10390625 0.1 0.08281250000000001
0 0.6078125000000001 0.13046875 0.12812500000000002 0.1265625
29 0.85078125 0.1234375 0.0859375 0.10312500000000001
32 0.12187500000000001 0.36953125000000003 0.1375 0.1234375
32 0.37734375000000003 0.403125 0.1765625 0.178125
7 0.6328125 0.39765625000000004 0.125 0.1234375
7 0.8460937500000001 0.36562500000000003 0.1390625 0.140625
20 0.11171875 0.62265625 0.09843750000000001 0.1078125
10 0.359375 0.58515625 0.096875 0.1078125
25 0.6125 0.596875 0.15625 0.15625
