34 0.1453125 0.11015625000000001 0.171875 0.1703125
16 0.38125000000000003 0.1125 0.13125 0.1375
17 0.6468750000000001 0.1078125 0.1625 0.15937500000000002
32 0.87265625 0.10234375000000001 0.1203125 0.11406250000000001
10 0.11328125 0.34687500000000004 0.1078125 0.1125
35 0.37421875000000004 0.36015625 0.1546875 0.15781250000000002
19 0.58828125 0.33906250000000004 0.1015625 0.10312500000000001
11 0.8718750000000001 0.36953125000000003 0.115625 0.1203125
4 0.1171875 0.5828125000000001 0.096875 0.109375
26 0.36796875 0.63828125 0.1859375 0.1859375
23 0.6039062500000001 0.6109375 0.1296875 0.13125
