16 0.11406250000000001 0.09062500000000001 0.10312500000000001 0.10312500000000001
0 0.36171875000000003 0.11015625000000001 0.15781250000000002 0.1609375
7 0.6171875 0.13984375000000002 0.1125 0.1234375
13 0.884375 0.12578125 0.15937500000000002 0.1609375
3 0.13593750000000002 0.33828125000000003 0.10625000000000001 0.1015625
6 0.36875 0.35546875 0.146875 0.16718750000000002
0 0.6328125 0.3828125 0.11875000000000001 0.14375000000000002
31 0.8992187500000001 0.34140625 0.13593750000000002 0.13593750000000002
23 0.1421875 0.640625 0.171875 0.16562500000000002
22 0.36328125 0.5984375000000001 0.1609375 0.1625
17 0.6171875 0.6078125000000001 0.16562500000000002 0.16562500000000002
11 0.8484375000000001 0.59296875 0.11875000000000001 0.1234375
1 0.12187500000000001 0.8578125000000001 0.125 0.140625
3 0.3796875 0.8539062500000001 0.14375000000000002 0.1390625
28 0.6218750000000001 0.878125 0.171875 0.184375
