25 0.09921875000000001 0.1015625 0.07968750000000001 0.09375
6 0.328125 0.07109375 0.078125 0.0921875
34 0.6265625 0.10546875 0.146875 0.1484375
0 0.8289062500000001 0.08984375 0.1078125 0.11093750000000001
34 0.11953125 0.41484375 0.1859375 0.18281250000000002
24 0.40390625 0.38359375 0.18906250000000002 0.1859375
31 0.6296875000000001 0.37890625 0.19062500000000002 0.18906250000000002
13 0.8562500000000001 0.37343750000000003 0.1125 0.11875000000000001
13 0.06796875000000001 0.5945312500000001 0.1015625 0.1015625
11 0.38906250000000003 0.6125 0.19375 0.19375
28 0.62109375 0.5789062500000001 0.0890625 0.0921875
27 0.86875 0.64453125 0.12187500000000001 0.1171875
