10 0.11406250000000001 0.11093750000000001 0.10625000000000001 0.10625000000000001
34 0.36250000000000004 0.096875 0.10625000000000001 0.10625000000000001
1 0.60859375 0.13125 0.1046875 0.115625
3 0.86484375 0.12578125 0.0921875 0.1234375
31 0.10234375000000001 0.36171875000000003 0.09843750000000001 0.0890625
23 0.34765625 0.38203125000000004 0.1046875 0.1046875
0 0.6117187500000001 0.4078125 0.1453125 0.16562500000000002
23 0.87109375 0.40546875000000004 0.1921875 0.1921875
31 0.1125 0.6273437500000001 0.084375 0.1296875
17 0.38671875 0.6234375000000001 0.18281250000000002 0.184375
15 0.6453125000000001 0.6492187500000001 0.14375000000000002 0.1390625
35 0.8859375 0.62265625 0.19375 0.1953125
