34 0.13515625 0.14453125 0.1609375 0.15781250000000002
10 0.371875 0.14296875 0.12187500000000001 0.1171875
29 0.6531250000000001 0.12109375 0.171875 0.17343750000000002
21 0.8835937500000001 0.10234375000000001 0.1484375 0.1640625
35 0.12578125 0.3609375 0.13593750000000002 0.1375
24 0.37109375 0.40937500000000004 0.1859375 0.1875
24 0.6507812500000001 0.34218750000000003 0.1421875 0.140625
17 0.8890625000000001 0.35625 0.19687500000000002 0.19687500000000002
27 0.109375 0.6117187500000001 0.115625 0.1171875
8 0.36875 0.625 0.134375 0.15000000000000002
18 0.596875 0.6359375 0.1125 0.12812500000000002
21 0.8625 0.61875 0.11875000000000001 0.10625000000000001
8 0.1078125 0.87265625 0.12812500000000002 0.1265625
33 0.38046875 0.84921875 0.1265625 0.1265625
