4 0.13203125000000002 0.084375 0.1078125 0.10625000000000001
32 0.37890625 0.10312500000000001 0.1328125 0.1
8 0.6171875 0.12812500000000002 0.153125 0.16562500000000002
16 0.8523437500000001 0.11015625000000001 0.1484375 0.1453125
9 0.09531250000000001 0.3484375 0.09375 0.09375
24 0.3984375 0.36953125000000003 0.15937500000000002 0.1640625
1 0.61640625 0.3359375 0.0859375 0.1
21 0.8421875000000001 0.371875 0.109375 0.109375
4 0.12187500000000001 0.640625 0.109375 0.1375
21 0.3796875 0.6140625000000001 0.153125 0.171875
19 0.62265625 0.5890625 0.1015625 0.1125
26 0.8703125 0.5906250000000001 0.12812500000000002 0.140625
3 0.11093750000000001 0.8875000000000001 0.09375 0.115625
7 0.36640625000000004 0.8132812500000001 0.07968750000000001 0.09531250000000001
