20 0.10078125 0.10859375 0.09531250000000001 0.0859375
34 0.371875 0.09375 0.12187500000000001 0.125
16 0.64609375 0.11328125 0.1953125 0.19843750000000002
0 0.853125 0.06640625 0.07187500000000001 0.09531250000000001
7 0.14375000000000002 0.36875 0.1625 0.171875
18 0.37265625 0.33515625000000004 0.1078125 0.09531250000000001
6 0.61875 0.340625 0.096875 0.1125
19 0.846875 0.359375 0.11875000000000001 0.14375000000000002
33 0.109375 0.6140625000000001 0.12812500000000002 0.12812500000000002
6 0.37031250000000004 0.60078125 0.109375 0.11093750000000001
27 0.634375 0.59296875 0.12812500000000002 0.1296875
35 0.86640625 0.63828125 0.1234375 0.1296875
22 0.140625 0.89453125 0.19687500000000002 0.17343750000000002
