3 0.09140625000000001 0.09453125000000001 0.09531250000000001 0.11093750000000001
1 0.3953125 0.08750000000000001 0.12187500000000001 0.11875000000000001
34 0.6046875 0.15078125 0.08750000000000001 0.11093750000000001
27 0.8875000000000001 0.11093750000000001 0.15625 0.15937500000000002
17 0.1078125 0.3640625 0.109375 0.115625
16 0.33125000000000004 0.34687500000000004 0.125 0.125
25 0.57578125 0.34765625 0.1078125 0.11093750000000001
16 0.853125 0.38125000000000003 0.10625000000000001 0.10625000000000001
6 0.1375 0.5953125 0.1 0.125
17 0.371875 0.6296875000000001 0.153125 0.1625
18 0.58828125 0.62109375 0.1171875 0.1203125
24 0.8914062500000001 0.57421875 0.1078125 0.1015625
10 0.08671875000000001 0.875 0.1046875 0.10625000000000001
33 0.371875 0.8890625000000001 0.134375 0.134375
29 0.64375 0.8640625000000001 0.171875 0.16875
