6 0.13203125000000002 0.12265625000000001 0.1171875 0.1328125
9 0.35390625000000003 0.11406250000000001 0.1296875 0.15625
31 0.63671875 0.15234375 0.1640625 0.1640625
7 0.8695312500000001 0.11015625000000001 0.11406250000000001 0.1296875
20 0.07265625 0.35468750000000004 0.1203125 0.12187500000000001
26 0.36562500000000003 0.37031250000000004 0.125 0.134375
17 0.6484375 0.3609375 0.18125000000000002 0.171875
13 0.8703125 0.340625 0.17500000000000002 0.17500000000000002
16 0.146875 0.6062500000000001 0.153125 0.153125
5 0.3515625 0.6296875000000001 0.10625000000000001 0.125
15 0.61484375 0.65234375 0.1203125 0.1484375
21 0.8546875 0.59609375 0.078125 0.1015625
17 0.1078125 0.8601562500000001 0.1125 0.1078125
17 0.35234375 0.8375 0.0703125 0.078125
5 0.628125 0.8671875 0.1625 0.16875
