25 0.13203125000000002 0.14453125 0.1265625 0.1328125
19 0.34921875 0.1390625 0.11093750000000001 0.1125
6 0.62109375 0.0921875 0.1328125 0.146875
19 0.87421875 0.09453125000000001 0.13593750000000002 0.1453125
33 0.1390625 0.34921875 0.16562500000000002 0.16718750000000002
4 0.3453125 0.37812500000000004 0.1125 0.13125
4 0.60859375 0.375 0.1171875 0.14375000000000002
7 0.8578125000000001 0.35703125 0.096875 0.1234375
25 0.10859375 0.6265625 0.1234375 0.12812500000000002
24 0.37109375 0.6296875000000001 0.1203125 0.12812500000000002
