14 0.12890625 0.1296875 0.1296875 0.134375
7 0.3453125 0.13203125000000002 0.140625 0.1390625
23 0.6156250000000001 0.065625 0.09375 0.09062500000000001
25 0.8757812500000001 0.140625 0.13593750000000002 0.146875
2 0.09921875000000001 0.39140625 0.0890625 0.1234375
6 0.3609375 0.35859375000000004 0.07187500000000001 0.1046875
24 0.5828125000000001 0.36015625 0.1125 0.11406250000000001
31 0.8578125000000001 0.33203125 0.084375 0.0765625
13 0.11093750000000001 0.6203125 0.146875 0.15000000000000002
14 0.34609375000000003 0.62109375 0.1203125 0.1203125
31 0.5875 0.596875 0.153125 0.15625
