35 0.13515625 0.1421875 0.16718750000000002 0.16562500000000002
17 0.359375 0.11093750000000001 0.1125 0.10625000000000001
22 0.634375 0.14609375 0.15937500000000002 0.15781250000000002
7 0.853125 0.1125 0.096875 0.115625
13 0.1046875 0.38203125000000004 0.12812500000000002 0.1171875
18 0.31562500000000004 0.37578125 0.08125 0.0859375
20 0.64375 0.37812500000000004 0.16875 0.16875
31 0.8523437500000001 0.35546875 0.1546875 0.15156250000000002
16 0.10390625 0.58515625 0.1203125 0.1203125
19 0.35546875 0.6312500000000001 0.11406250000000001 0.153125
30 0.6351562500000001 0.63046875 0.1640625 0.1796875
17 0.8695312500000001 0.60703125 0.1703125 0.1703125
