2 0.0859375 0.14140625 0.125 0.1328125
19 0.34375 0.14921875 0.10625000000000001 0.1453125
18 0.61328125 0.17500000000000002 0.0859375 0.096875
35 0.8656250000000001 0.12734375 0.153125 0.1609375
9 0.09453125000000001 0.35546875 0.06406250000000001 0.1078125
17 0.359375 0.36875 0.08125 0.096875
10 0.6312500000000001 0.32421875 0.12187500000000001 0.1234375
3 0.8515625 0.39375000000000004 0.134375 0.146875
13 0.1234375 0.628125 0.15000000000000002 0.146875
21 0.36953125000000003 0.60078125 0.1203125 0.1203125
21 0.6195312500000001 0.6117187500000001 0.1328125 0.1546875
32 0.8796875000000001 0.6156250000000001 0.13125 0.12187500000000001
12 0.11171875 0.89765625 0.1609375 0.1640625
27 0.35000000000000003 0.846875 0.134375 0.140625
