10 0.12812500000000002 0.15703125 0.1375 0.1453125
2 0.3640625 0.12734375 0.140625 0.1453125
32 0.6726562500000001 0.12109375 0.1953125 0.1859375
4 0.8445312500000001 0.14375000000000002 0.1296875 0.146875
35 0.109375 0.39687500000000003 0.096875 0.11875000000000001
14 0.371875 0.3453125 0.115625 0.11875000000000001
20 0.61875 0.35078125000000004 0.096875 0.1203125
6 0.8851562500000001 0.35078125000000004 0.09843750000000001 0.1234375
20 0.0890625 0.58046875 0.084375 0.08281250000000001
28 0.35546875 0.59765625 0.0671875 0.0921875
26 0.6195312500000001 0.61640625 0.18281250000000002 0.1765625
