25 0.1453125 0.153125 0.15937500000000002 0.16875
25 0.35390625000000003 0.09062500000000001 0.15156250000000002 0.153125
5 0.6312500000000001 0.140625 0.140625 0.1625
33 0.8812500000000001 0.12265625000000001 0.16875 0.1703125
17 0.09062500000000001 0.34375 0.134375 0.1375
31 0.36015625 0.36328125 0.11093750000000001 0.11406250000000001
7 0.6421875 0.33906250000000004 0.109375 0.12187500000000001
23 0.87890625 0.34921875 0.1328125 0.1390625
31 0.13828125 0.62109375 0.1171875 0.1296875
33 0.39921875 0.5921875 0.1453125 0.146875
29 0.61328125 0.63828125 0.15781250000000002 0.1640625
21 0.859375 0.6062500000000001 0.115625 0.115625
8 0.12890625 0.8382812500000001 0.11406250000000001 0.11406250000000001
11 0.38359375 0.8859375 0.1328125 0.146875
2 0.61484375 0.878125 0.1390625 0.13125
15 0.8617187500000001 0.8562500000000001 0.1171875 0.109375
