2 0.12265625000000001 0.12109375 0.1703125 0.16718750000000002
11 0.3765625 0.084375 0.115625 0.125
15 0.6015625 0.1421875 0.1 0.10625000000000001
2 0.85859375 0.1265625 0.1015625 0.1375
34 0.1015625 0.36562500000000003 0.115625 0.115625
21 0.32109375 0.3671875 0.07968750000000001 0.084375
31 0.61328125 0.37265625 0.09843750000000001 0.1421875
25 0.8515625 0.328125 0.065625 0.1
19 0.10859375 0.6125 0.08281250000000001 0.09062500000000001
14 0.3484375 0.6429687500000001 0.1 0.0921875
24 0.634375 0.5828125000000001 0.125 0.12812500000000002
