3 0.11953125 0.13593750000000002 0.1234375 0.13125
30 0.37109375 0.14296875 0.1640625 0.1640625
25 0.6078125000000001 0.1296875 0.11875000000000001 0.12187500000000001
32 0.8835937500000001 0.07890625000000001 0.11406250000000001 0.11406250000000001
8 0.1296875 0.38359375 0.15625 0.1546875
16 0.34687500000000004 0.38125000000000003 0.140625 0.134375
21 0.6257812500000001 0.375 0.16718750000000002 0.16562500000000002
11 0.8921875 0.37812500000000004 0.146875 0.153125
24 0.12578125 0.64765625 0.15781250000000002 0.1609375
24 0.3609375 0.60546875 0.153125 0.1546875
