3 0.1125 0.1328125 0.11875000000000001 0.13125
10 0.33984375 0.09062500000000001 0.0671875 0.09375
32 0.6179687500000001 0.11875000000000001 0.1453125 0.140625
21 0.8835937500000001 0.1609375 0.1296875 0.1625
17 0.11328125 0.36875 0.1171875 0.15000000000000002
4 0.36250000000000004 0.36640625000000004 0.13125 0.1484375
10 0.6109375 0.38906250000000003 0.12187500000000001 0.125
2 0.8757812500000001 0.36875 0.15156250000000002 0.15937500000000002
4 0.11875000000000001 0.6390625000000001 0.1125 0.134375
18 0.3640625 0.58046875 0.08750000000000001 0.1265625
18 0.6000000000000001 0.6062500000000001 0.12812500000000002 0.125
35 0.853125 0.61328125 0.125 0.1390625
6 0.10234375000000001 0.88671875 0.07968750000000001 0.1171875
