9 0.11640625 0.1328125 0.09531250000000001 0.11875000000000001
2 0.36796875 0.15546875000000002 0.1015625 0.1015625
33 0.60859375 0.08046875 0.0734375 0.09843750000000001
33 0.8617187500000001 0.10078125 0.1171875 0.11093750000000001
25 0.09062500000000001 0.38984375000000004 0.134375 0.13593750000000002
27 0.36796875 0.36250000000000004 0.13593750000000002 0.13125
6 0.603125 0.3921875 0.109375 0.10625000000000001
33 0.8390625 0.3375 0.1 0.09062500000000001
28 0.14453125 0.64453125 0.1703125 0.16718750000000002
18 0.36250000000000004 0.61875 0.10312500000000001 0.11875000000000001
24 0.5945312500000001 0.59609375 0.15156250000000002 0.15156250000000002
12 0.84921875 0.6101562500000001 0.11093750000000001 0.11406250000000001
16 0.11015625000000001 0.81953125 0.07968750000000001 0.0890625
15 0.359375 0.8617187500000001 0.07500000000000001 0.1046875
