29 0.12265625000000001 0.11093750000000001 0.0921875 0.10625000000000001
29 0.36484375 0.096875 0.0859375 0.10312500000000001
20 0.625 0.08750000000000001 0.125 0.09375
17 0.86875 0.11484375000000001 0.12812500000000002 0.1453125
35 0.1265625 0.340625 0.096875 0.09375
35 0.3828125 0.4140625 0.14375000000000002 0.15000000000000002
33 0.6078125000000001 0.37031250000000004 0.09062500000000001 0.09062500000000001
17 0.8875000000000001 0.36796875 0.184375 0.18281250000000002
10 0.125 0.6140625000000001 0.15000000000000002 0.15000000000000002
24 0.375 0.625 0.1125 0.11875000000000001
1 0.5765625 0.6109375 0.109375 0.109375
30 0.8695312500000001 0.6296875000000001 0.1171875 0.140625
21 0.11328125 0.878125 0.0890625 0.12187500000000001
21 0.36796875 0.8523437500000001 0.1203125 0.1203125
1 0.61640625 0.8460937500000001 0.1171875 0.1296875
