2 0.12578125 0.1421875 0.1328125 0.153125
0 0.3765625 0.0734375 0.09375 0.096875
25 0.625 0.15546875000000002 0.1375 0.1421875
8 0.8460937500000001 0.12109375 0.1296875 0.13593750000000002
8 0.1375 0.340625 0.1375 0.1375
16 0.36796875 0.390625 0.13593750000000002 0.1375
17 0.6640625 0.39296875000000003 0.2 0.19843750000000002
7 0.8390625 0.36640625000000004 0.09062500000000001 0.09531250000000001
30 0.13125 0.62265625 0.15937500000000002 0.1421875
30 0.38125000000000003 0.584375 0.1125 0.1125
6 0.61484375 0.57421875 0.0703125 0.0890625
18 0.83984375 0.6078125000000001 0.0734375 0.12187500000000001
4 0.09765625 0.84765625 0.0734375 0.09531250000000001
