17 0.12421875 0.08515625 0.11406250000000001 0.11093750000000001
18 0.35000000000000003 0.13515625 0.096875 0.1421875
9 0.60859375 0.13515625 0.1234375 0.1296875
11 0.8421875000000001 0.09296875 0.13125 0.1296875
27 0.12734375 0.3609375 0.1421875 0.140625
34 0.34687500000000004 0.39296875000000003 0.08750000000000001 0.09531250000000001
4 0.6078125000000001 0.36250000000000004 0.09062500000000001 0.109375
35 0.8914062500000001 0.34609375000000003 0.13593750000000002 0.13593750000000002
11 0.14375000000000002 0.65390625 0.140625 0.1484375
13 0.34296875000000004 0.62265625 0.1171875 0.1171875
14 0.6257812500000001 0.6414062500000001 0.1484375 0.15156250000000002
