21 0.12734375 0.15234375 0.1296875 0.11406250000000001
0 0.34218750000000003 0.10390625 0.053125000000000006 0.08281250000000001
21 0.6156250000000001 0.12812500000000002 0.1125 0.11875000000000001
17 0.8546875 0.09843750000000001 0.09062500000000001 0.09062500000000001
23 0.13984375000000002 0.37890625 0.1390625 0.1328125
25 0.34453125 0.37265625 0.1046875 0.1171875
13 0.61328125 0.34296875000000004 0.11093750000000001 0.11406250000000001
3 0.8445312500000001 0.3375 0.1046875 0.1125
6 0.1046875 0.6117187500000001 0.096875 0.1234375
24 0.35859375000000004 0.6039062500000001 0.09843750000000001 0.1015625
31 0.6015625 0.64375 0.09375 0.09062500000000001
31 0.86484375 0.59375 0.1921875 0.18125000000000002
4 0.11484375000000001 0.8359375 0.09843750000000001 0.115625
7 0.32265625000000003 0.84296875 0.0859375 0.09843750000000001
5 0.578125 0.83359375 0.09375 0.11093750000000001
