10 0.12890625 0.09921875000000001 0.1421875 0.13593750000000002
4 0.36875 0.1296875 0.10625000000000001 0.1375
25 0.6203125 0.11640625 0.109375 0.1328125
22 0.86640625 0.12812500000000002 0.1546875 0.140625
12 0.1296875 0.41484375 0.12812500000000002 0.1484375
31 0.37265625 0.3875 0.1203125 0.140625
3 0.60078125 0.3796875 0.1453125 0.1375
25 0.8445312500000001 0.37890625 0.0890625 0.09531250000000001
13 0.1125 0.6156250000000001 0.12812500000000002 0.12812500000000002
14 0.36250000000000004 0.65234375 0.09062500000000001 0.1046875
6 0.5906250000000001 0.61484375 0.096875 0.11406250000000001
