34 0.15546875000000002 0.09921875000000001 0.1453125 0.1484375
2 0.3515625 0.1125 0.1 0.109375
14 0.58203125 0.11328125 0.1015625 0.1015625
32 0.88671875 0.1171875 0.1265625 0.10625000000000001
16 0.1125 0.33671875 0.096875 0.1078125
3 0.3671875 0.3953125 0.134375 0.146875
5 0.6218750000000001 0.39921875 0.1125 0.1390625
4 0.8328125000000001 0.3609375 0.109375 0.10625000000000001
13 0.115625 0.5921875 0.096875 0.109375
4 0.37421875000000004 0.62890625 0.13593750000000002 0.13593750000000002
14 0.62421875 0.6218750000000001 0.1234375 0.146875
7 0.846875 0.6359375 0.084375 0.08125
