9 0.07578125000000001 0.09375 0.11406250000000001 0.1125
23 0.35781250000000003 0.09375 0.09375 0.096875
23 0.60859375 0.12890625 0.11093750000000001 0.1171875
35 0.875 0.11796875000000001 0.178125 0.1796875
34 0.1375 0.35703125 0.15625 0.1546875
7 0.3640625 0.3609375 0.15000000000000002 0.146875
17 0.62421875 0.38203125000000004 0.1546875 0.1546875
21 0.87421875 0.38203125000000004 0.15781250000000002 0.15781250000000002
5 0.1171875 0.5984375000000001 0.10312500000000001 0.115625
10 0.38906250000000003 0.6359375 0.16875 0.16875
35 0.62890625 0.6234375000000001 0.1484375 0.15000000000000002
26 0.8460937500000001 0.603125 0.11406250000000001 0.12812500000000002
