34 0.16015625 0.11953125 0.1765625 0.1796875
20 0.35390625000000003 0.140625 0.0859375 0.13125
16 0.5875 0.08515625 0.1 0.1015625
15 0.875 0.11328125 0.12812500000000002 0.1390625
0 0.09140625000000001 0.32265625000000003 0.0578125 0.08281250000000001
33 0.39140625 0.3828125 0.1765625 0.17500000000000002
34 0.6078125000000001 0.35625 0.12187500000000001 0.125
1 0.84140625 0.38203125000000004 0.09843750000000001 0.1171875
25 0.1046875 0.5828125000000001 0.07500000000000001 0.08125
17 0.3921875 0.60078125 0.15937500000000002 0.1609375
