10 0.11796875000000001 0.11875000000000001 0.1484375 0.140625
29 0.35000000000000003 0.10390625 0.084375 0.0859375
16 0.6453125000000001 0.14296875 0.184375 0.18906250000000002
18 0.8343750000000001 0.10312500000000001 0.096875 0.1125
18 0.078125 0.37890625 0.05 0.1015625
7 0.353125 0.38359375 0.10312500000000001 0.1171875
11 0.6125 0.40703125 0.19375 0.1921875
31 0.8500000000000001 0.375 0.134375 0.134375
17 0.08671875000000001 0.6109375 0.07968750000000001 0.09375
1 0.36562500000000003 0.64609375 0.1 0.1328125
27 0.6046875 0.6078125000000001 0.146875 0.146875
12 0.8890625000000001 0.6296875000000001 0.184375 0.18125000000000002
32 0.1453125 0.8234375 0.125 0.10625000000000001
