29 0.1171875 0.07578125000000001 0.08125 0.0859375
17 0.39921875 0.08281250000000001 0.11406250000000001 0.115625
9 0.58828125 0.08828125 0.0890625 0.11406250000000001
34 0.8851562500000001 0.16953125000000002 0.1328125 0.1453125
16 0.1453125 0.3796875 0.153125 0.15937500000000002
11 0.38125000000000003 0.38125000000000003 0.15000000000000002 0.15000000000000002
20 0.60078125 0.328125 0.060937500000000006 0.08750000000000001
19 0.8484375000000001 0.3375 0.1 0.10312500000000001
34 0.11328125 0.5828125000000001 0.1484375 0.153125
14 0.36328125 0.62421875 0.1453125 0.1453125
10 0.6140625000000001 0.63203125 0.1375 0.1390625
