7 0.1171875 0.09531250000000001 0.12187500000000001 0.115625
14 0.35078125000000004 0.13828125 0.1296875 0.15156250000000002
20 0.60703125 0.1125 0.09531250000000001 0.10625000000000001
6 0.8617187500000001 0.140625 0.1609375 0.16875
11 0.10703125000000001 0.36250000000000004 0.1390625 0.14375000000000002
7 0.34296875000000004 0.37265625 0.09843750000000001 0.11093750000000001
3 0.625 0.35703125 0.171875 0.16718750000000002
6 0.8718750000000001 0.35234375 0.146875 0.1453125
2 0.09062500000000001 0.628125 0.13125 0.13125
30 0.36796875 0.6039062500000001 0.1703125 0.16718750000000002
14 0.5875 0.58125 0.078125 0.084375
4 0.8601562500000001 0.6125 0.1046875 0.12812500000000002
26 0.134375 0.90234375 0.1375 0.1421875
