33 0.1015625 0.12421875 0.084375 0.0890625
29 0.35859375000000004 0.12421875 0.0921875 0.1046875
20 0.6039062500000001 0.11640625 0.13593750000000002 0.13593750000000002
13 0.8546875 0.14765625000000002 0.07187500000000001 0.11093750000000001
27 0.09453125000000001 0.3296875 0.0484375 0.09062500000000001
18 0.321875 0.371875 0.08750000000000001 0.10625000000000001
15 0.6492187500000001 0.3140625 0.1046875 0.10312500000000001
35 0.828125 0.35781250000000003 0.10312500000000001 0.10312500000000001
30 0.1046875 0.625 0.09375 0.09375
3 0.3453125 0.58046875 0.05625 0.07968750000000001
6 0.59375 0.6117187500000001 0.065625 0.0921875
11 0.8617187500000001 0.6351562500000001 0.1234375 0.1234375
13 0.06640625 0.8578125000000001 0.09843750000000001 0.096875
13 0.37734375000000003 0.8609375 0.1609375 0.15625
8 0.596875 0.90234375 0.10312500000000001 0.1328125
29 0.8695312500000001 0.8656250000000001 0.1390625 0.1375
