3 0.08828125 0.08125 0.1046875 0.11875000000000001
2 0.37578125 0.0921875 0.1265625 0.134375
27 0.59765625 0.0765625 0.0578125 0.096875
31 0.8578125000000001 0.09843750000000001 0.15625 0.153125
0 0.096875 0.38593750000000004 0.09375 0.1
18 0.35546875 0.38046875 0.0890625 0.15156250000000002
10 0.6140625000000001 0.33359375 0.096875 0.1234375
1 0.8171875000000001 0.35781250000000003 0.10312500000000001 0.096875
31 0.09062500000000001 0.6156250000000001 0.09062500000000001 0.08750000000000001
3 0.37578125 0.6421875 0.1609375 0.15625
2 0.59140625 0.59296875 0.1171875 0.1296875
23 0.875 0.6453125000000001 0.13125 0.13125
29 0.11093750000000001 0.8828125 0.11875000000000001 0.12187500000000001
33 0.371875 0.8859375 0.1375 0.13125
8 0.60546875 0.8460937500000001 0.09843750000000001 0.11406250000000001
