31 0.10546875 0.11953125 0.1390625 0.1390625
23 0.40234375 0.13203125000000002 0.21406250000000002 0.1703125
2 0.6203125 0.09453125000000001 0.10312500000000001 0.1203125
23 0.8703125 0.09843750000000001 0.18125000000000002 0.18125000000000002
4 0.096875 0.3375 0.07187500000000001 0.1
7 0.35078125000000004 0.33125000000000004 0.09843750000000001 0.109375
10 0.63046875 0.41015625 0.1484375 0.15781250000000002
11 0.89765625 0.384375 0.1765625 0.18125000000000002
1 0.10078125 0.6117187500000001 0.1078125 0.1171875
6 0.36640625000000004 0.63828125 0.13593750000000002 0.1296875
8 0.5984375000000001 0.63671875 0.12187500000000001 0.11406250000000001
31 0.8445312500000001 0.60859375 0.1546875 0.1546875
32 0.12890625 0.8375 0.1921875 0.171875
6 0.35000000000000003 0.8390625 0.06875 0.09375
11 0.62265625 0.83359375 0.09531250000000001 0.09531250000000001
1 0.87265625 0.8296875 0.1171875 0.125
