21 0.1171875 0.09453125000000001 0.109375 0.11093750000000001
24 0.36953125000000003 0.084375 0.1015625 0.10312500000000001
17 0.60078125 0.1234375 0.1234375 0.12187500000000001
2 0.8578125000000001 0.11406250000000001 0.15625 0.146875
4 0.11171875 0.375 0.1203125 0.146875
23 0.37734375000000003 0.31484375000000003 0.1078125 0.1078125
10 0.59296875 0.35546875 0.0546875 0.08281250000000001
33 0.87421875 0.371875 0.1609375 0.15937500000000002
26 0.12734375 0.57578125 0.11406250000000001 0.1234375
35 0.37031250000000004 0.6179687500000001 0.134375 0.1421875
21 0.59921875 0.6179687500000001 0.06406250000000001 0.0734375
28 0.84765625 0.625 0.15156250000000002 0.14375000000000002
29 0.09609375 0.87421875 0.1328125 0.1296875
17 0.4 0.8453125 0.14375000000000002 0.146875
10 0.5945312500000001 0.853125 0.1203125 0.115625
1 0.86328125 0.87109375 0.1015625 0.1265625
