13 0.11171875 0.0671875 0.08281250000000001 0.096875
33 0.36640625000000004 0.0921875 0.1765625 0.171875
1 0.6101562500000001 0.134375 0.1171875 0.109375
34 0.853125 0.11015625000000001 0.15625 0.15781250000000002
17 0.11171875 0.4 0.17343750000000002 0.17500000000000002
2 0.38671875 0.41328125000000004 0.1546875 0.1609375
28 0.60546875 0.37343750000000003 0.1234375 0.12187500000000001
31 0.83984375 0.36484375 0.1234375 0.1234375
24 0.09140625000000001 0.6453125000000001 0.1171875 0.1375
27 0.3765625 0.584375 0.10625000000000001 0.10625000000000001
30 0.59765625 0.6257812500000001 0.1078125 0.1078125
6 0.86640625 0.58125 0.1078125 0.125
22 0.1484375 0.8359375 0.14375000000000002 0.1375
