25 0.12109375 0.11875000000000001 0.15781250000000002 0.15625
14 0.3671875 0.1015625 0.13125 0.146875
7 0.61484375 0.15234375 0.09843750000000001 0.1328125
13 0.8953125000000001 0.15000000000000002 0.15937500000000002 0.16875
35 0.13671875 0.34765625 0.1390625 0.1390625
2 0.35781250000000003 0.3375 0.084375 0.096875
11 0.60078125 0.38046875 0.1265625 0.1421875
21 0.89453125 0.340625 0.13593750000000002 0.1375
33 0.07421875 0.584375 0.1265625 0.125
2 0.38046875 0.665625 0.1453125 0.16875
14 0.6359375 0.6156250000000001 0.1625 0.16562500000000002
