2 0.096875 0.11875000000000001 0.096875 0.11875000000000001
0 0.3484375 0.13671875 0.078125 0.11093750000000001
10 0.5867187500000001 0.14140625 0.15156250000000002 0.1484375
29 0.8734375000000001 0.12578125 0.12812500000000002 0.1328125
1 0.11406250000000001 0.36875 0.065625 0.1125
16 0.33125000000000004 0.39609375 0.17500000000000002 0.17343750000000002
31 0.61328125 0.37578125 0.1390625 0.1203125
30 0.8851562500000001 0.3671875 0.1453125 0.14375000000000002
10 0.13046875 0.61875 0.1765625 0.178125
18 0.35546875 0.640625 0.1015625 0.125
35 0.59140625 0.5710937500000001 0.0546875 0.0703125
32 0.88828125 0.62890625 0.1546875 0.1640625
3 0.109375 0.8515625 0.115625 0.12812500000000002
16 0.36640625000000004 0.828125 0.1046875 0.115625
