4 0.13359375 0.07265625 0.11093750000000001 0.11406250000000001
34 0.35703125 0.14453125 0.1078125 0.1203125
10 0.6125 0.14296875 0.19375 0.1921875
9 0.86875 0.09453125000000001 0.109375 0.1203125
34 0.1328125 0.3515625 0.134375 0.140625
7 0.3640625 0.33828125000000003 0.109375 0.1171875
3 0.6039062500000001 0.35625 0.1171875 0.13125
11 0.853125 0.359375 0.08750000000000001 0.09375
31 0.1421875 0.62265625 0.146875 0.15156250000000002
2 0.34140625 0.6234375000000001 0.1015625 0.115625
17 0.6468750000000001 0.64375 0.17500000000000002 0.171875
12 0.87421875 0.5921875 0.09843750000000001 0.096875
13 0.12890625 0.86328125 0.15156250000000002 0.1546875
26 0.35390625000000003 0.8695312500000001 0.1171875 0.1234375
1 0.6046875 0.8484375000000001 0.06875 0.08750000000000001
