29 0.10078125 0.12734375 0.0890625 0.09531250000000001
4 0.35625 0.10546875 0.096875 0.1015625
8 0.6125 0.10390625 0.10625000000000001 0.1171875
33 0.853125 0.1390625 0.146875 0.153125
7 0.09843750000000001 0.38515625000000003 0.1375 0.1296875
7 0.35546875 0.38046875 0.0859375 0.1234375
2 0.57578125 0.3453125 0.1046875 0.115625
11 0.8609375 0.33671875 0.084375 0.09531250000000001
14 0.09921875000000001 0.6195312500000001 0.0921875 0.09531250000000001
6 0.3375 0.58046875 0.09062500000000001 0.09843750000000001
5 0.6062500000000001 0.63046875 0.1 0.1046875
33 0.86484375 0.58515625 0.1046875 0.1046875
