17 0.13125 0.1125 0.153125 0.16562500000000002
27 0.36562500000000003 0.140625 0.125 0.125
0 0.6101562500000001 0.11406250000000001 0.1390625 0.134375
4 0.85078125 0.11093750000000001 0.08281250000000001 0.1
25 0.134375 0.39921875 0.1625 0.16718750000000002
27 0.38125000000000003 0.371875 0.171875 0.171875
4 0.6125 0.39375000000000004 0.12812500000000002 0.13125
14 0.8546875 0.36796875 0.115625 0.11406250000000001
23 0.13515625 0.584375 0.1171875 0.11875000000000001
8 0.35781250000000003 0.6179687500000001 0.134375 0.1328125
7 0.5875 0.57734375 0.078125 0.09843750000000001
10 0.8640625000000001 0.59765625 0.10625000000000001 0.1078125
10 0.10546875 0.8773437500000001 0.1328125 0.1265625
28 0.36484375 0.8546875 0.1390625 0.13125
22 0.6484375 0.8187500000000001 0.11875000000000001 0.11875000000000001
