20 0.1203125 0.14375000000000002 0.140625 0.15000000000000002
25 0.3796875 0.10625000000000001 0.134375 0.14375000000000002
3 0.60546875 0.09843750000000001 0.09843750000000001 0.12812500000000002
14 0.84375 0.109375 0.134375 0.134375
27 0.10312500000000001 0.3515625 0.07500000000000001 0.1125
23 0.34765625 0.37343750000000003 0.1046875 0.10312500000000001
5 0.596875 0.38203125000000004 0.16875 0.1640625
16 0.846875 0.38125000000000003 0.13125 0.13125
16 0.12265625000000001 0.584375 0.11406250000000001 0.12812500000000002
24 0.3609375 0.6179687500000001 0.1 0.09843750000000001
35 0.6125 0.6414062500000001 0.09375 0.09843750000000001
30 0.86484375 0.62421875 0.1171875 0.1203125
27 0.146875 0.8921875 0.171875 0.11875000000000001
6 0.33437500000000003 0.8914062500000001 0.146875 0.1453125
