33 0.140625 0.11484375000000001 0.17500000000000002 0.1765625
31 0.37734375000000003 0.09921875000000001 0.1453125 0.1453125
3 0.6195312500000001 0.10625000000000001 0.15781250000000002 0.153125
18 0.846875 0.15546875000000002 0.08750000000000001 0.1046875
6 0.12734375 0.36640625000000004 0.1296875 0.1609375
7 0.3484375 0.3765625 0.13125 0.125
6 0.5906250000000001 0.37421875000000004 0.08125 0.09843750000000001
26 0.8851562500000001 0.35859375000000004 0.1640625 0.1703125
5 0.1234375 0.5593750000000001 0.08125 0.09062500000000001
24 0.36562500000000003 0.634375 0.115625 0.11875000000000001
7 0.59921875 0.609375 0.09843750000000001 0.115625
21 0.8500000000000001 0.62109375 0.12187500000000001 0.1203125
9 0.10625000000000001 0.8421875000000001 0.084375 0.1
21 0.3765625 0.8445312500000001 0.1375 0.1296875
5 0.6062500000000001 0.85703125 0.109375 0.11406250000000001
