8 0.0859375 0.11015625000000001 0.06875 0.0890625
6 0.36015625 0.13203125000000002 0.09843750000000001 0.11406250000000001
6 0.6117187500000001 0.15937500000000002 0.1484375 0.16875
1 0.8390625 0.11093750000000001 0.06875 0.09375
8 0.11015625000000001 0.38046875 0.09531250000000001 0.1078125
31 0.37890625 0.38593750000000004 0.1546875 0.12187500000000001
18 0.6046875 0.37109375 0.109375 0.11406250000000001
35 0.8539062500000001 0.38593750000000004 0.1078125 0.115625
28 0.11093750000000001 0.5632812500000001 0.08750000000000001 0.1015625
35 0.37812500000000004 0.6453125000000001 0.15000000000000002 0.153125
31 0.6117187500000001 0.6273437500000001 0.1390625 0.1390625
13 0.8382812500000001 0.59765625 0.1265625 0.1265625
27 0.12109375 0.890625 0.13593750000000002 0.134375
11 0.3671875 0.84921875 0.1125 0.1046875
12 0.62265625 0.8460937500000001 0.1921875 0.18906250000000002
