22 0.10312500000000001 0.14453125 0.153125 0.15156250000000002
34 0.36953125000000003 0.09375 0.13593750000000002 0.1375
3 0.6140625000000001 0.10546875 0.115625 0.1234375
19 0.81953125 0.1296875 0.1046875 0.096875
10 0.08281250000000001 0.34765625 0.115625 0.11406250000000001
28 0.3640625 0.35000000000000003 0.115625 0.11875000000000001
18 0.61875 0.36250000000000004 0.12812500000000002 0.12812500000000002
23 0.8859375 0.38203125000000004 0.184375 0.18281250000000002
19 0.09062500000000001 0.61875 0.109375 0.115625
24 0.3515625 0.6179687500000001 0.11875000000000001 0.1171875
22 0.6390625000000001 0.6125 0.15625 0.15625
8 0.8718750000000001 0.6000000000000001 0.096875 0.134375
32 0.1203125 0.859375 0.125 0.125
22 0.40078125000000003 0.8656250000000001 0.1765625 0.19062500000000002
