1 0.11484375000000001 0.15390625000000002 0.09843750000000001 0.1328125
1 0.36875 0.1125 0.07500000000000001 0.12187500000000001
33 0.6328125 0.10234375000000001 0.140625 0.1421875
11 0.86875 0.08046875 0.096875 0.1046875
35 0.09609375 0.40156250000000004 0.1265625 0.134375
2 0.36562500000000003 0.33671875 0.1125 0.1328125
5 0.60078125 0.35859375000000004 0.09843750000000001 0.1078125
33 0.875 0.34296875000000004 0.11875000000000001 0.1296875
1 0.1046875 0.6078125000000001 0.084375 0.09375
10 0.36250000000000004 0.6359375 0.125 0.125
30 0.596875 0.6234375000000001 0.09375 0.096875
12 0.8484375000000001 0.6125 0.115625 0.115625
4 0.109375 0.84921875 0.09375 0.1078125
