9 0.06796875000000001 0.11171875 0.09531250000000001 0.09843750000000001
15 0.35625 0.13828125 0.096875 0.1078125
27 0.634375 0.12890625 0.16562500000000002 0.1703125
32 0.8773437500000001 0.10546875 0.1859375 0.1859375
34 0.11796875000000001 0.38359375 0.13593750000000002 0.1328125
3 0.34375 0.35781250000000003 0.14375000000000002 0.140625
25 0.584375 0.3640625 0.09375 0.096875
20 0.8484375000000001 0.38593750000000004 0.1 0.13125
14 0.11875000000000001 0.60546875 0.1375 0.15781250000000002
3 0.37031250000000004 0.634375 0.14375000000000002 0.153125
