32 0.12187500000000001 0.1046875 0.13125 0.13125
0 0.40390625 0.078125 0.1015625 0.096875
33 0.6375000000000001 0.15625 0.16562500000000002 0.15625
15 0.85078125 0.10234375000000001 0.1328125 0.1265625
29 0.11796875000000001 0.35859375000000004 0.1203125 0.1390625
29 0.36328125 0.3796875 0.11093750000000001 0.1125
33 0.640625 0.37578125 0.19375 0.1921875
31 0.9007812500000001 0.359375 0.13593750000000002 0.153125
14 0.10390625 0.596875 0.0734375 0.11875000000000001
16 0.371875 0.6039062500000001 0.19687500000000002 0.19843750000000002
