18 0.11015625000000001 0.08515625 0.1046875 0.1078125
1 0.37265625 0.09140625000000001 0.1265625 0.1328125
33 0.609375 0.14609375 0.06875 0.11406250000000001
6 0.8718750000000001 0.109375 0.115625 0.11875000000000001
31 0.09140625000000001 0.37343750000000003 0.1234375 0.125
0 0.36250000000000004 0.33515625000000004 0.096875 0.09843750000000001
3 0.56875 0.33359375 0.084375 0.0921875
23 0.86328125 0.3984375 0.09843750000000001 0.12187500000000001
13 0.115625 0.6390625000000001 0.184375 0.184375
13 0.36015625 0.609375 0.09531250000000001 0.10625000000000001
12 0.6203125 0.609375 0.19375 0.19375
17 0.8656250000000001 0.6507812500000001 0.14375000000000002 0.13593750000000002
33 0.1328125 0.84140625 0.11875000000000001 0.1203125
2 0.35625 0.8609375 0.1375 0.14375000000000002
10 0.5859375 0.8640625000000001 0.12187500000000001 0.12187500000000001
8 0.8671875 0.8835937500000001 0.125 0.15156250000000002
