27 0.115625 0.07734375 0.10625000000000001 0.1046875
35 0.37421875000000004 0.10625000000000001 0.1265625 0.125
33 0.6015625 0.12578125 0.13125 0.1296875
7 0.8500000000000001 0.12109375 0.06875 0.0921875
0 0.12734375 0.40234375 0.1265625 0.1234375
4 0.353125 0.35234375 0.08125 0.1046875
15 0.6218750000000001 0.38046875 0.15000000000000002 0.15156250000000002
13 0.84375 0.34453125 0.1125 0.11093750000000001
35 0.12812500000000002 0.6218750000000001 0.17500000000000002 0.17500000000000002
23 0.35000000000000003 0.6000000000000001 0.084375 0.1
10 0.62890625 0.5640625 0.1015625 0.1
7 0.8718750000000001 0.640625 0.125 0.125
8 0.10625000000000001 0.85859375 0.1 0.1328125
15 0.33437500000000003 0.828125 0.084375 0.08750000000000001
21 0.603125 0.890625 0.12812500000000002 0.13125
1 0.85703125 0.8453125 0.07968750000000001 0.12812500000000002
