22 0.11093750000000001 0.1203125 0.10312500000000001 0.10312500000000001
19 0.35234375 0.1296875 0.1015625 0.15000000000000002
20 0.603125 0.10234375000000001 0.13125 0.1296875
1 0.8406250000000001 0.109375 0.05 0.096875
20 0.11875000000000001 0.37265625 0.11875000000000001 0.11406250000000001
17 0.35781250000000003 0.3765625 0.12812500000000002 0.134375
32 0.66328125 0.38984375000000004 0.1953125 0.1921875
21 0.8718750000000001 0.41328125000000004 0.109375 0.1234375
21 0.11328125 0.60546875 0.1390625 0.1390625
18 0.33125000000000004 0.6351562500000001 0.1 0.09531250000000001
