14 0.13203125000000002 0.12421875 0.1609375 0.1640625
35 0.390625 0.1171875 0.184375 0.184375
8 0.62109375 0.12109375 0.15156250000000002 0.1609375
18 0.8226562500000001 0.065625 0.026562500000000003 0.08750000000000001
0 0.13046875 0.3984375 0.1390625 0.12812500000000002
10 0.384375 0.39609375 0.16875 0.1765625
6 0.6078125000000001 0.35390625000000003 0.10312500000000001 0.1234375
14 0.84375 0.375 0.096875 0.096875
10 0.1203125 0.59296875 0.10312500000000001 0.1046875
15 0.36875 0.6492187500000001 0.1125 0.1171875
28 0.59296875 0.60859375 0.1234375 0.1234375
7 0.85078125 0.60859375 0.11406250000000001 0.1171875
30 0.12578125 0.8921875 0.1078125 0.10625000000000001
