15 0.11953125 0.08984375 0.1015625 0.1046875
32 0.34296875000000004 0.08359375000000001 0.07968750000000001 0.07968750000000001
13 0.62109375 0.08984375 0.1015625 0.1015625
34 0.86875 0.09375 0.109375 0.115625
0 0.09453125000000001 0.3125 0.060937500000000006 0.08125
4 0.34765625 0.38359375 0.08281250000000001 0.0859375
14 0.6015625 0.36250000000000004 0.096875 0.1
24 0.83359375 0.34296875000000004 0.0859375 0.0890625
4 0.09609375 0.6195312500000001 0.060937500000000006 0.08281250000000001
35 0.33359375 0.6125 0.09531250000000001 0.096875
13 0.59375 0.6265625 0.109375 0.11875000000000001
27 0.8656250000000001 0.6296875000000001 0.11875000000000001 0.12812500000000002
