26 0.13125 0.14765625000000002 0.134375 0.1609375
3 0.4 0.1484375 0.178125 0.18125000000000002
18 0.59375 0.1125 0.06875 0.125
25 0.8968750000000001 0.13203125000000002 0.171875 0.1703125
2 0.11093750000000001 0.38125000000000003 0.13125 0.153125
14 0.38984375000000004 0.390625 0.1390625 0.146875
29 0.6328125 0.35781250000000003 0.15937500000000002 0.1625
9 0.83984375 0.3765625 0.1265625 0.12187500000000001
31 0.14140625 0.6468750000000001 0.1609375 0.15625
24 0.36562500000000003 0.6234375000000001 0.146875 0.146875
