16 0.10625000000000001 0.1078125 0.146875 0.146875
33 0.36328125 0.13593750000000002 0.1640625 0.1625
18 0.6328125 0.115625 0.15625 0.15625
12 0.88828125 0.11171875 0.15156250000000002 0.15156250000000002
8 0.11484375000000001 0.30703125000000003 0.0765625 0.09531250000000001
35 0.37343750000000003 0.36562500000000003 0.178125 0.178125
23 0.61328125 0.3515625 0.11093750000000001 0.10312500000000001
3 0.8617187500000001 0.38359375 0.1453125 0.15781250000000002
8 0.115625 0.65234375 0.125 0.1390625
10 0.3609375 0.6421875 0.12187500000000001 0.12812500000000002
11 0.63203125 0.66171875 0.1296875 0.1453125
