29 0.11953125 0.12812500000000002 0.1546875 0.153125
9 0.37890625 0.09531250000000001 0.1203125 0.13125
0 0.5828125000000001 0.115625 0.08750000000000001 0.096875
14 0.8765625 0.14375000000000002 0.134375 0.1375
14 0.1015625 0.390625 0.09062500000000001 0.09062500000000001
25 0.35703125 0.33984375 0.0890625 0.0859375
2 0.61484375 0.36640625000000004 0.1234375 0.1296875
27 0.8851562500000001 0.340625 0.1296875 0.13125
4 0.09921875000000001 0.6195312500000001 0.1046875 0.1265625
13 0.35546875 0.6015625 0.11093750000000001 0.12187500000000001
27 0.60546875 0.6234375000000001 0.11406250000000001 0.11875000000000001
