34 0.125 0.11171875 0.096875 0.1046875
32 0.37578125 0.06796875000000001 0.1078125 0.1046875
14 0.596875 0.1125 0.134375 0.134375
23 0.87109375 0.13046875 0.1390625 0.1390625
2 0.11328125 0.37421875000000004 0.1484375 0.15156250000000002
16 0.40078125000000003 0.41484375 0.17343750000000002 0.18281250000000002
20 0.61640625 0.35625 0.15781250000000002 0.15625
17 0.89375 0.36953125000000003 0.171875 0.17343750000000002
27 0.115625 0.6171875 0.12187500000000001 0.12187500000000001
19 0.31875000000000003 0.596875 0.10625000000000001 0.109375
24 0.60859375 0.6203125 0.15156250000000002 0.15000000000000002
4 0.85078125 0.63984375 0.1265625 0.1390625
