3 0.1171875 0.08359375000000001 0.096875 0.1234375
3 0.35390625000000003 0.10312500000000001 0.0703125 0.084375
0 0.61875 0.1421875 0.146875 0.15000000000000002
33 0.8601562500000001 0.12890625 0.1171875 0.1296875
7 0.11093750000000001 0.384375 0.115625 0.134375
14 0.31875000000000003 0.34140625 0.08750000000000001 0.09843750000000001
9 0.6078125000000001 0.36562500000000003 0.11875000000000001 0.134375
16 0.84375 0.41171875 0.15937500000000002 0.18281250000000002
0 0.10703125000000001 0.6015625 0.11406250000000001 0.125
26 0.3609375 0.64765625 0.16875 0.1796875
30 0.6015625 0.6015625 0.13125 0.134375
