17 0.12890625 0.13515625 0.13593750000000002 0.1328125
2 0.3765625 0.1296875 0.16875 0.171875
7 0.6125 0.10078125 0.09062500000000001 0.1265625
6 0.8835937500000001 0.11015625000000001 0.13593750000000002 0.1421875
29 0.11953125 0.31953125000000004 0.09843750000000001 0.1015625
21 0.37031250000000004 0.39140625 0.115625 0.1234375
31 0.62890625 0.34765625 0.1390625 0.1390625
14 0.8539062500000001 0.38203125000000004 0.0890625 0.09843750000000001
26 0.13671875 0.6000000000000001 0.1640625 0.16562500000000002
35 0.359375 0.61875 0.09062500000000001 0.109375
22 0.6359375 0.63046875 0.15625 0.1546875
28 0.8539062500000001 0.65234375 0.1296875 0.15781250000000002
2 0.1046875 0.8718750000000001 0.06875 0.1
