7 0.10390625 0.125 0.0859375 0.12187500000000001
19 0.34765625 0.1390625 0.09531250000000001 0.115625
30 0.6335937500000001 0.09765625 0.1203125 0.1265625
13 0.8914062500000001 0.13125 0.17343750000000002 0.17500000000000002
8 0.140625 0.3140625 0.1 0.10312500000000001
16 0.34140625 0.37343750000000003 0.1203125 0.12187500000000001
7 0.61640625 0.38515625000000003 0.1453125 0.1484375
10 0.890625 0.359375 0.178125 0.178125
25 0.11015625000000001 0.6023437500000001 0.17343750000000002 0.1703125
27 0.3671875 0.6078125000000001 0.134375 0.134375
