30 0.1484375 0.140625 0.178125 0.16875
19 0.35703125 0.14296875 0.1234375 0.1328125
4 0.6062500000000001 0.1 0.096875 0.12812500000000002
29 0.85078125 0.11953125 0.0734375 0.07968750000000001
21 0.10390625 0.371875 0.1328125 0.134375
23 0.37890625 0.3375 0.1171875 0.12187500000000001
11 0.57265625 0.359375 0.1046875 0.10312500000000001
20 0.8812500000000001 0.38984375000000004 0.1875 0.18906250000000002
16 0.1296875 0.61328125 0.1375 0.1421875
11 0.36875 0.56640625 0.09375 0.1046875
26 0.63046875 0.6507812500000001 0.15781250000000002 0.1703125
