13 0.12578125 0.1 0.13593750000000002 0.134375
27 0.3921875 0.13125 0.171875 0.17500000000000002
34 0.60859375 0.09453125000000001 0.09531250000000001 0.0921875
5 0.8171875000000001 0.11484375000000001 0.096875 0.09531250000000001
5 0.10625000000000001 0.34921875 0.078125 0.0859375
31 0.34921875 0.38515625000000003 0.1640625 0.1609375
2 0.6257812500000001 0.3125 0.09843750000000001 0.10625000000000001
16 0.86484375 0.3921875 0.1015625 0.10312500000000001
6 0.08828125 0.59296875 0.11093750000000001 0.1328125
24 0.371875 0.62109375 0.153125 0.1546875
22 0.64765625 0.64453125 0.1796875 0.1546875
31 0.8734375000000001 0.62890625 0.171875 0.1703125
2 0.11093750000000001 0.8445312500000001 0.10312500000000001 0.11406250000000001
3 0.37890625 0.8546875 0.1421875 0.1625
12 0.61640625 0.8460937500000001 0.11093750000000001 0.1296875
10 0.8617187500000001 0.8968750000000001 0.1390625 0.14375000000000002
