0 0.0734375 0.08750000000000001 0.096875 0.10625000000000001
27 0.39375000000000004 0.15000000000000002 0.140625 0.14375000000000002
0 0.62265625 0.13984375000000002 0.1296875 0.1390625
35 0.8515625 0.11796875000000001 0.09375 0.11093750000000001
34 0.13828125 0.33046875000000003 0.1015625 0.1015625
1 0.36875 0.3375 0.09062500000000001 0.12187500000000001
19 0.6234375000000001 0.40468750000000003 0.153125 0.1625
3 0.85546875 0.390625 0.1234375 0.11875000000000001
10 0.125 0.63203125 0.153125 0.1546875
24 0.36250000000000004 0.609375 0.1125 0.1125
0 0.5953125 0.6234375000000001 0.078125 0.10625000000000001
31 0.8523437500000001 0.6195312500000001 0.0859375 0.11406250000000001
