34 0.12187500000000001 0.15937500000000002 0.12187500000000001 0.140625
0 0.34296875000000004 0.1046875 0.1015625 0.1125
9 0.58125 0.12578125 0.1 0.09531250000000001
16 0.8460937500000001 0.1625 0.1609375 0.184375
34 0.11953125 0.34921875 0.1328125 0.1328125
24 0.38515625000000003 0.34296875000000004 0.1484375 0.1546875
5 0.5953125 0.37421875000000004 0.1125 0.1203125
14 0.85703125 0.35859375000000004 0.1078125 0.11093750000000001
23 0.11875000000000001 0.5796875 0.096875 0.109375
30 0.3875 0.61328125 0.153125 0.15156250000000002
7 0.6203125 0.60078125 0.1 0.11093750000000001
24 0.846875 0.6140625000000001 0.146875 0.14375000000000002
15 0.11171875 0.84140625 0.1296875 0.13593750000000002
1 0.3765625 0.8625 0.10625000000000001 0.13125
13 0.609375 0.8703125 0.115625 0.140625
