32 0.1234375 0.11406250000000001 0.1625 0.1625
9 0.32890625 0.10390625 0.09843750000000001 0.11093750000000001
1 0.609375 0.09375 0.07500000000000001 0.10625000000000001
11 0.8695312500000001 0.11875000000000001 0.1171875 0.140625
11 0.1046875 0.37109375 0.084375 0.0921875
30 0.3640625 0.39609375 0.10625000000000001 0.1390625
35 0.63828125 0.3359375 0.11093750000000001 0.109375
27 0.8679687500000001 0.36250000000000004 0.1296875 0.13125
35 0.10546875 0.6468750000000001 0.15156250000000002 0.16562500000000002
23 0.39375000000000004 0.62109375 0.184375 0.1390625
4 0.5796875 0.6125 0.10625000000000001 0.10625000000000001
10 0.8796875000000001 0.640625 0.15937500000000002 0.16562500000000002
8 0.12265625000000001 0.8367187500000001 0.1265625 0.13593750000000002
31 0.35234375 0.8757812500000001 0.0921875 0.0890625
8 0.61640625 0.8460937500000001 0.07968750000000001 0.1046875
13 0.8757812500000001 0.85546875 0.1296875 0.1296875
