27 0.12578125 0.1234375 0.1328125 0.096875
25 0.371875 0.16015625 0.12187500000000001 0.15156250000000002
2 0.60703125 0.12265625000000001 0.09531250000000001 0.11093750000000001
35 0.875 0.1421875 0.13125 0.140625
25 0.109375 0.38359375 0.17500000000000002 0.17343750000000002
8 0.32890625 0.353125 0.1078125 0.109375
23 0.6335937500000001 0.39687500000000003 0.13593750000000002 0.15625
22 0.8812500000000001 0.39765625000000004 0.15625 0.1421875
30 0.12421875 0.6125 0.1421875 0.146875
28 0.37031250000000004 0.6101562500000001 0.146875 0.1421875
6 0.6078125000000001 0.6117187500000001 0.125 0.1234375
11 0.87890625 0.5789062500000001 0.11093750000000001 0.11093750000000001
1 0.10234375000000001 0.8460937500000001 0.0703125 0.1015625
8 0.35546875 0.8601562500000001 0.1328125 0.1390625
8 0.6000000000000001 0.8796875000000001 0.1 0.096875
0 0.8890625000000001 0.9125000000000001 0.15937500000000002 0.16562500000000002
