12 0.11328125 0.13203125000000002 0.1046875 0.1203125
0 0.34375 0.13515625 0.09062500000000001 0.09531250000000001
2 0.6156250000000001 0.14140625 0.11875000000000001 0.1453125
8 0.85859375 0.153125 0.13593750000000002 0.15625
19 0.10546875 0.36171875000000003 0.09843750000000001 0.1015625
28 0.36015625 0.36562500000000003 0.1015625 0.146875
16 0.61328125 0.35859375000000004 0.1171875 0.1171875
21 0.85859375 0.3609375 0.09843750000000001 0.10312500000000001
16 0.10859375 0.62890625 0.0859375 0.09843750000000001
15 0.375 0.6078125000000001 0.14375000000000002 0.134375
15 0.60859375 0.628125 0.1296875 0.12812500000000002
11 0.8601562500000001 0.6296875000000001 0.1484375 0.146875
33 0.1234375 0.8445312500000001 0.12187500000000001 0.11406250000000001
8 0.34765625 0.8695312500000001 0.1078125 0.1234375
9 0.6039062500000001 0.8562500000000001 0.13593750000000002 0.146875
