4 0.06953125 0.09921875000000001 0.11093750000000001 0.11093750000000001
17 0.3765625 0.10312500000000001 0.14375000000000002 0.14375000000000002
19 0.5921875 0.10625000000000001 0.109375 0.109375
11 0.85078125 0.1203125 0.1203125 0.11875000000000001
7 0.09140625000000001 0.35000000000000003 0.1046875 0.125
9 0.3359375 0.36796875 0.1125 0.1171875
23 0.6140625000000001 0.36250000000000004 0.1 0.096875
10 0.8601562500000001 0.38125000000000003 0.1078125 0.140625
2 0.11328125 0.6421875 0.11093750000000001 0.13125
28 0.3515625 0.6195312500000001 0.084375 0.09843750000000001
