19 0.12578125 0.1421875 0.1484375 0.15000000000000002
23 0.37031250000000004 0.10625000000000001 0.1625 0.1625
24 0.6492187500000001 0.0734375 0.1078125 0.10625000000000001
5 0.87109375 0.09843750000000001 0.1078125 0.134375
17 0.109375 0.35703125 0.16875 0.1703125
11 0.3484375 0.3515625 0.065625 0.1
6 0.6117187500000001 0.32734375000000004 0.0890625 0.1046875
23 0.87109375 0.36796875 0.1328125 0.1296875
8 0.11093750000000001 0.6351562500000001 0.146875 0.15781250000000002
35 0.35078125000000004 0.61875 0.1609375 0.153125
24 0.6125 0.6156250000000001 0.12812500000000002 0.15000000000000002
3 0.853125 0.628125 0.084375 0.11875000000000001
29 0.10546875 0.8523437500000001 0.1484375 0.1484375
32 0.3875 0.8578125000000001 0.209375 0.203125
32 0.57421875 0.8421875000000001 0.1015625 0.1
