23 0.09531250000000001 0.09921875000000001 0.1 0.1015625
3 0.3765625 0.06953125 0.096875 0.09843750000000001
14 0.60078125 0.1015625 0.0921875 0.1125
8 0.8296875 0.08515625 0.096875 0.11406250000000001
13 0.10234375000000001 0.39609375 0.1046875 0.11406250000000001
1 0.3609375 0.32890625 0.078125 0.1078125
6 0.56640625 0.34687500000000004 0.09843750000000001 0.096875
10 0.853125 0.36171875000000003 0.08750000000000001 0.08281250000000001
23 0.10078125 0.63203125 0.0890625 0.0890625
10 0.35781250000000003 0.6062500000000001 0.171875 0.16875
5 0.61640625 0.634375 0.15156250000000002 0.1625
