32 0.11953125 0.1625 0.20468750000000002 0.2
13 0.37343750000000003 0.09531250000000001 0.1125 0.1125
29 0.60078125 0.11875000000000001 0.09843750000000001 0.10625000000000001
10 0.8890625000000001 0.07500000000000001 0.10312500000000001 0.096875
11 0.12812500000000002 0.37578125 0.15625 0.15781250000000002
10 0.340625 0.3765625 0.115625 0.1125
5 0.60546875 0.36640625000000004 0.1203125 0.1421875
35 0.8625 0.31875000000000003 0.09375 0.1125
19 0.11484375000000001 0.6046875 0.11406250000000001 0.115625
14 0.375 0.6421875 0.12187500000000001 0.12812500000000002
27 0.6414062500000001 0.60078125 0.2171875 0.2078125
1 0.8546875 0.6375000000000001 0.1375 0.146875
