17 0.14765625000000002 0.1453125 0.1640625 0.125
32 0.40625 0.09296875 0.146875 0.13593750000000002
0 0.6156250000000001 0.146875 0.13125 0.12812500000000002
2 0.8484375000000001 0.10625000000000001 0.12812500000000002 0.146875
5 0.09140625000000001 0.36562500000000003 0.0921875 0.109375
34 0.35546875 0.35546875 0.09531250000000001 0.0921875
20 0.6375000000000001 0.33515625000000004 0.109375 0.11093750000000001
1 0.8500000000000001 0.36015625 0.053125000000000006 0.1296875
35 0.06484375 0.60703125 0.0890625 0.09531250000000001
30 0.4 0.6125 0.153125 0.1625
35 0.6234375000000001 0.58515625 0.1 0.1015625
33 0.8828125 0.6234375000000001 0.184375 0.184375
26 0.109375 0.8890625000000001 0.1375 0.15000000000000002
28 0.38828125 0.89609375 0.1390625 0.1609375
