34 0.11406250000000001 0.11171875 0.134375 0.13593750000000002
30 0.38515625000000003 0.13203125000000002 0.1234375 0.1328125
35 0.609375 0.13828125 0.14375000000000002 0.1609375
32 0.8523437500000001 0.1125 0.13593750000000002 0.140625
25 0.10859375 0.37421875000000004 0.13593750000000002 0.1328125
13 0.390625 0.37109375 0.184375 0.1859375
11 0.6265625 0.3375 0.109375 0.1125
34 0.8890625000000001 0.3296875 0.1 0.1
25 0.115625 0.6429687500000001 0.09062500000000001 0.11406250000000001
33 0.33515625000000004 0.6023437500000001 0.1203125 0.1234375
