35 0.09765625 0.11484375000000001 0.0734375 0.08281250000000001
0 0.35625 0.11640625 0.09062500000000001 0.11406250000000001
19 0.6171875 0.06015625 0.08750000000000001 0.0890625
23 0.884375 0.13046875 0.17500000000000002 0.1765625
33 0.109375 0.36484375 0.109375 0.1203125
27 0.37031250000000004 0.37421875000000004 0.12812500000000002 0.1421875
2 0.58359375 0.36015625 0.11093750000000001 0.11093750000000001
17 0.8328125000000001 0.35078125000000004 0.140625 0.1421875
7 0.10546875 0.59296875 0.1015625 0.11093750000000001
35 0.34921875 0.59140625 0.1078125 0.11093750000000001
