3 0.11328125 0.14453125 0.11093750000000001 0.1390625
18 0.37578125 0.10859375 0.1203125 0.1296875
29 0.6484375 0.09296875 0.12187500000000001 0.1203125
1 0.8578125000000001 0.1296875 0.10312500000000001 0.134375
19 0.12187500000000001 0.39296875000000003 0.171875 0.17343750000000002
7 0.36484375 0.3359375 0.07968750000000001 0.096875
11 0.6101562500000001 0.39921875 0.09843750000000001 0.1203125
4 0.878125 0.33203125 0.1 0.1046875
21 0.109375 0.6296875000000001 0.08125 0.115625
3 0.38515625000000003 0.6687500000000001 0.1484375 0.15625
8 0.6203125 0.628125 0.13125 0.12812500000000002
31 0.8929687500000001 0.6125 0.1234375 0.1375
