20 0.1265625 0.084375 0.140625 0.134375
24 0.34765625 0.12890625 0.0734375 0.1015625
20 0.63828125 0.12812500000000002 0.18281250000000002 0.18125000000000002
2 0.84765625 0.1203125 0.07968750000000001 0.10625000000000001
23 0.12421875 0.37421875000000004 0.13593750000000002 0.15156250000000002
21 0.36015625 0.34453125 0.0890625 0.1296875
18 0.5906250000000001 0.4 0.0625 0.10312500000000001
13 0.89609375 0.38359375 0.17343750000000002 0.17343750000000002
22 0.08281250000000001 0.5921875 0.11875000000000001 0.11875000000000001
10 0.33984375 0.6140625000000001 0.1015625 0.1125
24 0.5734375 0.60546875 0.109375 0.1078125
22 0.8734375000000001 0.59609375 0.1125 0.1078125
8 0.11875000000000001 0.83515625 0.10625000000000001 0.1203125
31 0.36484375 0.87109375 0.16718750000000002 0.16718750000000002
4 0.6265625 0.8773437500000001 0.16875 0.16718750000000002
27 0.86875 0.8859375 0.125 0.125
