32 0.14921875 0.11953125 0.2078125 0.2078125
1 0.36171875000000003 0.12734375 0.1453125 0.15156250000000002
8 0.565625 0.09531250000000001 0.1 0.1
19 0.81953125 0.12812500000000002 0.0890625 0.08750000000000001
4 0.09765625 0.38984375000000004 0.0734375 0.1015625
33 0.37812500000000004 0.34296875000000004 0.11875000000000001 0.1203125
33 0.6062500000000001 0.35078125000000004 0.09062500000000001 0.1046875
14 0.8601562500000001 0.33671875 0.0859375 0.0890625
23 0.125 0.6125 0.17500000000000002 0.171875
12 0.31875000000000003 0.5953125 0.12187500000000001 0.12187500000000001
28 0.5984375000000001 0.628125 0.096875 0.12187500000000001
31 0.85703125 0.5945312500000001 0.09531250000000001 0.1078125
34 0.11093750000000001 0.8562500000000001 0.125 0.12812500000000002
1 0.35390625000000003 0.8679687500000001 0.060937500000000006 0.09531250000000001
22 0.584375 0.8367187500000001 0.125 0.1265625
13 0.878125 0.8773437500000001 0.13125 0.1296875
