27 0.1 0.08281250000000001 0.140625 0.14375000000000002
23 0.3640625 0.12421875 0.153125 0.15156250000000002
3 0.6140625000000001 0.10625000000000001 0.109375 0.15625
17 0.8859375 0.1453125 0.14375000000000002 0.146875
17 0.12109375 0.39609375 0.1453125 0.1328125
9 0.35468750000000004 0.34609375000000003 0.10625000000000001 0.11093750000000001
33 0.62890625 0.36484375 0.1390625 0.1328125
10 0.8718750000000001 0.33828125000000003 0.10312500000000001 0.1046875
28 0.13125 0.6195312500000001 0.13125 0.15156250000000002
0 0.36250000000000004 0.63046875 0.15937500000000002 0.1546875
4 0.628125 0.5953125 0.14375000000000002 0.1375
8 0.8625 0.5906250000000001 0.109375 0.134375
