10 0.11796875000000001 0.125 0.1609375 0.15937500000000002
35 0.353125 0.15625 0.09062500000000001 0.115625
16 0.6125 0.1046875 0.10312500000000001 0.1125
8 0.87421875 0.115625 0.1609375 0.15625
6 0.09140625000000001 0.3875 0.09531250000000001 0.09062500000000001
17 0.36171875000000003 0.3875 0.11093750000000001 0.1125
0 0.6000000000000001 0.37265625 0.115625 0.1328125
25 0.8601562500000001 0.37265625 0.07968750000000001 0.0890625
26 0.13203125000000002 0.63046875 0.1703125 0.16718750000000002
28 0.37265625 0.6195312500000001 0.1640625 0.17343750000000002
11 0.6023437500000001 0.58828125 0.0671875 0.1046875
7 0.88046875 0.6171875 0.1203125 0.11875000000000001
26 0.12734375 0.8500000000000001 0.1203125 0.12812500000000002
