27 0.12265625000000001 0.1 0.1203125 0.125
25 0.38828125 0.12578125 0.18281250000000002 0.1796875
22 0.6335937500000001 0.0890625 0.2078125 0.21875
17 0.8656250000000001 0.0921875 0.1 0.10312500000000001
20 0.12890625 0.35390625000000003 0.11406250000000001 0.11093750000000001
34 0.37734375000000003 0.38671875 0.16718750000000002 0.16718750000000002
21 0.6203125 0.38671875 0.12187500000000001 0.1296875
6 0.8523437500000001 0.3609375 0.13593750000000002 0.1375
5 0.07109375 0.5953125 0.1046875 0.1125
4 0.35859375000000004 0.6273437500000001 0.11406250000000001 0.1265625
8 0.6257812500000001 0.63984375 0.1296875 0.15156250000000002
