34 0.12812500000000002 0.09296875 0.10625000000000001 0.1046875
12 0.36875 0.11875000000000001 0.15000000000000002 0.15000000000000002
18 0.6140625000000001 0.13671875 0.078125 0.1046875
14 0.83359375 0.13515625 0.09843750000000001 0.0921875
34 0.10703125000000001 0.37578125 0.13593750000000002 0.15156250000000002
33 0.37421875000000004 0.39609375 0.1296875 0.1328125
0 0.63671875 0.3609375 0.16718750000000002 0.16562500000000002
1 0.8500000000000001 0.34921875 0.096875 0.1171875
6 0.10234375000000001 0.6015625 0.06406250000000001 0.10625000000000001
2 0.35078125000000004 0.5789062500000001 0.0671875 0.0859375
31 0.6046875 0.62890625 0.08750000000000001 0.1015625
4 0.85703125 0.62421875 0.1296875 0.1484375
