11 0.115625 0.13046875 0.1125 0.1328125
8 0.35781250000000003 0.134375 0.08125 0.10625000000000001
27 0.6312500000000001 0.14765625000000002 0.15000000000000002 0.1484375
1 0.8656250000000001 0.07578125000000001 0.084375 0.1015625
26 0.11171875 0.4 0.0921875 0.15000000000000002
24 0.36484375 0.36953125000000003 0.1234375 0.1296875
5 0.5867187500000001 0.384375 0.09531250000000001 0.09375
15 0.8671875 0.38515625000000003 0.1375 0.1390625
4 0.1046875 0.6109375 0.109375 0.1125
8 0.36015625 0.6296875000000001 0.11093750000000001 0.146875
13 0.6375000000000001 0.640625 0.171875 0.171875
33 0.8546875 0.6125 0.15937500000000002 0.1625
27 0.11093750000000001 0.8625 0.12812500000000002 0.12812500000000002
15 0.35781250000000003 0.8953125000000001 0.109375 0.125
16 0.5867187500000001 0.8625 0.09843750000000001 0.1
2 0.86328125 0.828125 0.0859375 0.09375
