23 0.14609375 0.13046875 0.1859375 0.1609375
16 0.384375 0.07265625 0.109375 0.11093750000000001
25 0.6335937500000001 0.146875 0.1546875 0.15625
4 0.84921875 0.11875000000000001 0.060937500000000006 0.08750000000000001
2 0.12890625 0.39609375 0.1484375 0.1390625
7 0.36953125000000003 0.36875 0.09531250000000001 0.115625
16 0.6218750000000001 0.35390625000000003 0.1 0.1078125
31 0.878125 0.39140625 0.14375000000000002 0.1484375
18 0.09843750000000001 0.5859375 0.06875 0.115625
22 0.35468750000000004 0.6625000000000001 0.19375 0.19375
22 0.6101562500000001 0.63671875 0.1171875 0.1171875
5 0.8718750000000001 0.603125 0.1 0.12187500000000001
21 0.12265625000000001 0.8625 0.1484375 0.15000000000000002
4 0.3640625 0.9109375000000001 0.10625000000000001 0.140625
