23 0.1046875 0.115625 0.13125 0.13125
6 0.38359375 0.09765625 0.1015625 0.09843750000000001
0 0.6140625000000001 0.1234375 0.1 0.125
0 0.8523437500000001 0.125 0.0765625 0.1125
28 0.1125 0.3640625 0.10312500000000001 0.125
6 0.3515625 0.35703125 0.07500000000000001 0.11093750000000001
3 0.58828125 0.33828125000000003 0.0765625 0.11093750000000001
7 0.884375 0.36953125000000003 0.109375 0.13593750000000002
26 0.125 0.6359375 0.17500000000000002 0.171875
2 0.35234375 0.62421875 0.0890625 0.1234375
12 0.61484375 0.6015625 0.09843750000000001 0.11875000000000001
15 0.8875000000000001 0.6492187500000001 0.14375000000000002 0.1421875
28 0.12265625000000001 0.84296875 0.13593750000000002 0.1453125
8 0.353125 0.8625 0.125 0.12812500000000002
10 0.6101562500000001 0.84140625 0.1015625 0.11093750000000001
5 0.846875 0.8765625 0.115625 0.12812500000000002
