3 0.11484375000000001 0.14140625 0.1171875 0.1421875
22 0.359375 0.12421875 0.12187500000000001 0.1203125
7 0.6015625 0.1171875 0.09062500000000001 0.109375
14 0.88984375 0.07578125000000001 0.1015625 0.1015625
14 0.109375 0.37109375 0.12187500000000001 0.1234375
1 0.3609375 0.33984375 0.1 0.11093750000000001
6 0.6023437500000001 0.34921875 0.1421875 0.15156250000000002
27 0.821875 0.36171875000000003 0.08750000000000001 0.0921875
34 0.09531250000000001 0.5828125000000001 0.07500000000000001 0.078125
33 0.35078125000000004 0.5953125 0.1234375 0.12187500000000001
