14 0.11640625 0.13203125000000002 0.1203125 0.1234375
6 0.3515625 0.134375 0.134375 0.15000000000000002
7 0.59609375 0.12265625000000001 0.07968750000000001 0.1046875
4 0.8546875 0.1328125 0.10625000000000001 0.1
6 0.10859375 0.36953125000000003 0.1265625 0.1484375
13 0.39140625 0.34296875000000004 0.1484375 0.1484375
19 0.59140625 0.39453125 0.1390625 0.1640625
23 0.875 0.353125 0.1125 0.134375
14 0.1078125 0.63671875 0.09062500000000001 0.1265625
27 0.36640625000000004 0.659375 0.11406250000000001 0.11875000000000001
33 0.6125 0.6265625 0.109375 0.1
8 0.8406250000000001 0.64375 0.109375 0.1375
