12 0.08671875000000001 0.10703125000000001 0.11093750000000001 0.11093750000000001
11 0.34296875000000004 0.11484375000000001 0.1078125 0.1234375
13 0.62421875 0.11640625 0.1296875 0.1421875
17 0.8773437500000001 0.1078125 0.13593750000000002 0.134375
20 0.1375 0.36562500000000003 0.16875 0.1375
8 0.34687500000000004 0.37890625 0.125 0.1296875
25 0.6015625 0.3796875 0.084375 0.09375
24 0.8500000000000001 0.35703125 0.153125 0.15156250000000002
24 0.12187500000000001 0.56875 0.09375 0.10625000000000001
4 0.35078125000000004 0.6218750000000001 0.1078125 0.12812500000000002
12 0.6117187500000001 0.6375000000000001 0.1234375 0.125
27 0.8656250000000001 0.65546875 0.1 0.1296875
35 0.1046875 0.8453125 0.08750000000000001 0.10625000000000001
3 0.33828125000000003 0.88984375 0.1296875 0.1453125
