20 0.12421875 0.11796875000000001 0.1703125 0.16718750000000002
34 0.35468750000000004 0.13671875 0.084375 0.1234375
14 0.6218750000000001 0.115625 0.14375000000000002 0.1625
8 0.8562500000000001 0.0890625 0.09375 0.096875
10 0.11640625 0.321875 0.1046875 0.109375
35 0.35703125 0.39609375 0.1203125 0.11093750000000001
18 0.58515625 0.38828125 0.0421875 0.1078125
6 0.85546875 0.35703125 0.1078125 0.1265625
22 0.11953125 0.63203125 0.1234375 0.1234375
1 0.34296875000000004 0.628125 0.1015625 0.11875000000000001
27 0.6171875 0.64453125 0.184375 0.18281250000000002
7 0.85859375 0.64609375 0.1046875 0.1046875
35 0.109375 0.85859375 0.12187500000000001 0.1234375
24 0.35625 0.8851562500000001 0.140625 0.1421875
33 0.62109375 0.846875 0.1171875 0.11875000000000001
