25 0.1390625 0.11484375000000001 0.18125000000000002 0.1859375
18 0.34375 0.09453125000000001 0.078125 0.07968750000000001
16 0.60078125 0.08281250000000001 0.1203125 0.125
13 0.85859375 0.13593750000000002 0.1546875 0.153125
7 0.09765625 0.35859375000000004 0.1484375 0.1453125
24 0.35234375 0.36562500000000003 0.1234375 0.12187500000000001
4 0.6296875000000001 0.40156250000000004 0.153125 0.15625
23 0.8406250000000001 0.353125 0.078125 0.1
23 0.1421875 0.59765625 0.13125 0.1328125
27 0.36484375 0.6421875 0.13593750000000002 0.1375
6 0.6156250000000001 0.60703125 0.10312500000000001 0.1328125
5 0.8718750000000001 0.57421875 0.08125 0.0890625
17 0.16640625 0.88828125 0.2078125 0.19843750000000002
29 0.36328125 0.85078125 0.08281250000000001 0.09531250000000001
9 0.62890625 0.8453125 0.11093750000000001 0.115625
8 0.8445312500000001 0.8914062500000001 0.0890625 0.1171875
