17 0.1171875 0.14140625 0.09375 0.1046875
19 0.38671875 0.08359375000000001 0.1171875 0.1203125
16 0.640625 0.11093750000000001 0.171875 0.171875
6 0.8625 0.12421875 0.134375 0.1609375
9 0.10859375 0.3796875 0.1078125 0.12187500000000001
13 0.34375 0.35703125 0.0625 0.0703125
3 0.58515625 0.3328125 0.06406250000000001 0.09062500000000001
25 0.8757812500000001 0.33828125000000003 0.1046875 0.1046875
25 0.11640625 0.6140625000000001 0.1265625 0.12812500000000002
33 0.328125 0.5953125 0.125 0.125
6 0.6265625 0.63046875 0.14375000000000002 0.1390625
