19 0.1046875 0.1296875 0.11875000000000001 0.15625
34 0.371875 0.09062500000000001 0.115625 0.115625
34 0.6046875 0.10625000000000001 0.115625 0.115625
34 0.84921875 0.12187500000000001 0.1203125 0.11875000000000001
8 0.09843750000000001 0.353125 0.084375 0.1
31 0.3765625 0.36171875000000003 0.16562500000000002 0.1703125
2 0.59609375 0.37890625 0.1265625 0.1234375
3 0.853125 0.33046875000000003 0.084375 0.1078125
4 0.11953125 0.60703125 0.15156250000000002 0.1609375
23 0.38593750000000004 0.59296875 0.21875 0.2171875
3 0.6039062500000001 0.6195312500000001 0.0703125 0.09843750000000001
10 0.88671875 0.6023437500000001 0.1390625 0.1390625
