11 0.1015625 0.1390625 0.153125 0.153125
19 0.37031250000000004 0.16484375 0.140625 0.1640625
10 0.62109375 0.07578125000000001 0.1171875 0.11093750000000001
19 0.85078125 0.09453125000000001 0.07968750000000001 0.1171875
16 0.13984375000000002 0.35234375 0.1453125 0.1484375
25 0.35625 0.3640625 0.153125 0.153125
1 0.5945312500000001 0.359375 0.13593750000000002 0.134375
24 0.853125 0.371875 0.125 0.125
1 0.11796875000000001 0.62265625 0.1078125 0.1328125
33 0.35390625000000003 0.6218750000000001 0.0890625 0.09062500000000001
14 0.61328125 0.5867187500000001 0.1078125 0.11093750000000001
10 0.8640625000000001 0.625 0.1125 0.11875000000000001
5 0.12109375 0.89375 0.1078125 0.13125
