7 0.11406250000000001 0.1015625 0.0625 0.08125
25 0.35234375 0.11328125 0.1203125 0.1203125
27 0.6335937500000001 0.13984375000000002 0.15156250000000002 0.15156250000000002
20 0.9078125 0.11328125 0.22187500000000002 0.2109375
21 0.10078125 0.36328125 0.0671875 0.09843750000000001
20 0.35859375000000004 0.34921875 0.09531250000000001 0.0859375
0 0.6265625 0.32265625000000003 0.10312500000000001 0.1203125
19 0.85859375 0.36250000000000004 0.0765625 0.08750000000000001
35 0.1078125 0.6046875 0.16875 0.16875
13 0.33515625000000004 0.59375 0.09531250000000001 0.1
19 0.640625 0.5859375 0.11875000000000001 0.11875000000000001
4 0.8460937500000001 0.63046875 0.0921875 0.1015625
29 0.13359375 0.8835937500000001 0.18281250000000002 0.18281250000000002
10 0.353125 0.878125 0.11875000000000001 0.115625
