4 0.11328125 0.125 0.1046875 0.13125
33 0.375 0.13203125000000002 0.146875 0.1421875
9 0.6039062500000001 0.10859375 0.1171875 0.13593750000000002
6 0.8515625 0.12187500000000001 0.11875000000000001 0.134375
29 0.1203125 0.3796875 0.125 0.125
11 0.34453125 0.34296875000000004 0.06406250000000001 0.1015625
27 0.6171875 0.37890625 0.134375 0.13593750000000002
0 0.8453125 0.38125000000000003 0.06875 0.08750000000000001
20 0.125 0.6195312500000001 0.15937500000000002 0.1609375
28 0.371875 0.6507812500000001 0.11875000000000001 0.1484375
4 0.6109375 0.62109375 0.15000000000000002 0.1453125
27 0.86484375 0.64375 0.1296875 0.125
