14 0.11015625000000001 0.1125 0.1203125 0.12187500000000001
23 0.34921875 0.1171875 0.1171875 0.115625
16 0.61484375 0.09296875 0.1078125 0.13593750000000002
20 0.8734375000000001 0.16015625 0.134375 0.1171875
1 0.07265625 0.3515625 0.11093750000000001 0.109375
6 0.37578125 0.36484375 0.1203125 0.15156250000000002
25 0.625 0.353125 0.14375000000000002 0.153125
17 0.8773437500000001 0.38984375000000004 0.1484375 0.1203125
23 0.08750000000000001 0.5953125 0.10312500000000001 0.109375
5 0.3875 0.584375 0.134375 0.12812500000000002
27 0.62265625 0.571875 0.09531250000000001 0.096875
22 0.84765625 0.59921875 0.1203125 0.1203125
27 0.11953125 0.83125 0.1796875 0.15625
33 0.3640625 0.8828125 0.13125 0.14375000000000002
16 0.59296875 0.87890625 0.060937500000000006 0.0890625
