33 0.09843750000000001 0.07968750000000001 0.07500000000000001 0.07500000000000001
6 0.34453125 0.115625 0.0578125 0.09062500000000001
34 0.6078125000000001 0.08984375 0.096875 0.11093750000000001
33 0.8390625 0.11015625000000001 0.125 0.1234375
2 0.1203125 0.40156250000000004 0.12812500000000002 0.13125
29 0.36640625000000004 0.371875 0.1234375 0.11875000000000001
25 0.603125 0.3765625 0.125 0.125
14 0.85859375 0.35390625000000003 0.09531250000000001 0.1078125
16 0.11953125 0.5867187500000001 0.11406250000000001 0.1203125
17 0.328125 0.59609375 0.1 0.1015625
0 0.60078125 0.609375 0.11406250000000001 0.10625000000000001
10 0.86875 0.6125 0.14375000000000002 0.14375000000000002
