30 0.14453125 0.12421875 0.1921875 0.17343750000000002
26 0.36250000000000004 0.13359375 0.15000000000000002 0.1640625
19 0.6101562500000001 0.07968750000000001 0.09843750000000001 0.08750000000000001
32 0.90546875 0.13671875 0.1765625 0.1796875
27 0.1046875 0.3828125 0.109375 0.10625000000000001
7 0.35468750000000004 0.375 0.11875000000000001 0.1125
21 0.6109375 0.36015625 0.109375 0.11406250000000001
34 0.8695312500000001 0.35390625000000003 0.1390625 0.1484375
34 0.10234375000000001 0.5945312500000001 0.0890625 0.0921875
1 0.34765625 0.6218750000000001 0.0859375 0.1
