18 0.09921875000000001 0.08359375000000001 0.0734375 0.0921875
14 0.33671875 0.115625 0.09531250000000001 0.109375
16 0.6195312500000001 0.1546875 0.1171875 0.125
33 0.8835937500000001 0.14375000000000002 0.15156250000000002 0.14375000000000002
9 0.09531250000000001 0.35546875 0.07187500000000001 0.0921875
19 0.35546875 0.35078125000000004 0.08281250000000001 0.0890625
0 0.6015625 0.36015625 0.12187500000000001 0.1234375
7 0.8523437500000001 0.36484375 0.1328125 0.1484375
10 0.11406250000000001 0.6062500000000001 0.13125 0.13125
17 0.35390625000000003 0.6000000000000001 0.07968750000000001 0.08125
24 0.6062500000000001 0.58984375 0.084375 0.0921875
