29 0.11953125 0.115625 0.11406250000000001 0.125
3 0.3640625 0.109375 0.1 0.115625
2 0.60546875 0.1234375 0.1171875 0.12812500000000002
22 0.8617187500000001 0.10390625 0.1328125 0.11406250000000001
6 0.109375 0.35390625000000003 0.125 0.1203125
3 0.38359375 0.35703125 0.1484375 0.15781250000000002
1 0.58203125 0.35234375 0.09843750000000001 0.1046875
13 0.8734375000000001 0.33984375 0.10625000000000001 0.11093750000000001
21 0.13203125000000002 0.609375 0.1609375 0.1625
11 0.38828125 0.63046875 0.1921875 0.1953125
33 0.628125 0.61484375 0.153125 0.1484375
