33 0.11406250000000001 0.1421875 0.10625000000000001 0.11875000000000001
6 0.35468750000000004 0.1453125 0.10312500000000001 0.1375
33 0.628125 0.10312500000000001 0.146875 0.14375000000000002
32 0.85546875 0.0859375 0.1703125 0.15937500000000002
33 0.1296875 0.3671875 0.18125000000000002 0.184375
1 0.35546875 0.39765625000000004 0.09531250000000001 0.11093750000000001
23 0.59375 0.36953125000000003 0.07500000000000001 0.09531250000000001
11 0.88984375 0.31875000000000003 0.09843750000000001 0.09375
0 0.11875000000000001 0.60546875 0.13125 0.15781250000000002
11 0.38125000000000003 0.64765625 0.140625 0.1421875
