0 0.1171875 0.1640625 0.10312500000000001 0.146875
13 0.35859375000000004 0.12187500000000001 0.1046875 0.109375
23 0.603125 0.10312500000000001 0.096875 0.096875
11 0.88203125 0.1296875 0.1421875 0.125
3 0.115625 0.32578125 0.1 0.1171875
21 0.3515625 0.3640625 0.115625 0.115625
18 0.5640625 0.35703125 0.08750000000000001 0.0859375
27 0.9015625 0.35703125 0.22187500000000002 0.2171875
5 0.10703125000000001 0.59375 0.0890625 0.09062500000000001
33 0.37109375 0.6179687500000001 0.1453125 0.1453125
5 0.6000000000000001 0.6234375000000001 0.125 0.125
35 0.8757812500000001 0.6375000000000001 0.1609375 0.16875
26 0.09140625000000001 0.83984375 0.0765625 0.09531250000000001
33 0.3921875 0.8656250000000001 0.1875 0.1875
