4 0.09375 0.1125 0.12187500000000001 0.134375
15 0.375 0.14140625 0.1 0.1390625
23 0.6335937500000001 0.14765625000000002 0.1546875 0.1546875
4 0.8523437500000001 0.12812500000000002 0.0921875 0.11875000000000001
6 0.10859375 0.37421875000000004 0.0890625 0.11406250000000001
31 0.39687500000000003 0.31953125000000004 0.10312500000000001 0.09531250000000001
13 0.60546875 0.359375 0.0921875 0.09062500000000001
25 0.8859375 0.39296875000000003 0.14375000000000002 0.15156250000000002
28 0.11093750000000001 0.6179687500000001 0.13125 0.1421875
3 0.3640625 0.63828125 0.096875 0.11406250000000001
1 0.6000000000000001 0.6328125 0.08125 0.09062500000000001
