7 0.11171875 0.15078125 0.1015625 0.1296875
11 0.36875 0.13125 0.134375 0.12187500000000001
20 0.6218750000000001 0.11875000000000001 0.14375000000000002 0.14375000000000002
9 0.8539062500000001 0.13671875 0.08281250000000001 0.1234375
20 0.1015625 0.33515625000000004 0.08750000000000001 0.0859375
10 0.36796875 0.35781250000000003 0.1328125 0.12187500000000001
27 0.6046875 0.37421875000000004 0.10625000000000001 0.1078125
5 0.828125 0.359375 0.09375 0.096875
14 0.10312500000000001 0.64609375 0.09062500000000001 0.1234375
3 0.3609375 0.61328125 0.13125 0.1390625
1 0.62890625 0.58359375 0.11406250000000001 0.1265625
28 0.8562500000000001 0.63984375 0.084375 0.1296875
