0 0.1 0.1015625 0.12187500000000001 0.1375
2 0.36250000000000004 0.1453125 0.12187500000000001 0.140625
20 0.6570312500000001 0.13671875 0.1859375 0.18906250000000002
24 0.8671875 0.09609375 0.18125000000000002 0.1796875
31 0.1203125 0.40078125000000003 0.1375 0.1265625
26 0.36562500000000003 0.35000000000000003 0.1125 0.11875000000000001
7 0.6117187500000001 0.3984375 0.09531250000000001 0.125
8 0.85859375 0.35000000000000003 0.1203125 0.1125
13 0.10312500000000001 0.6062500000000001 0.078125 0.1125
21 0.3640625 0.6375000000000001 0.109375 0.15000000000000002
30 0.61328125 0.628125 0.1328125 0.1375
30 0.884375 0.6101562500000001 0.14375000000000002 0.1453125
8 0.1234375 0.89609375 0.12187500000000001 0.1421875
16 0.325 0.84921875 0.12812500000000002 0.1265625
5 0.63671875 0.8289062500000001 0.1296875 0.1296875
