9 0.1125 0.15234375 0.09062500000000001 0.1328125
7 0.36796875 0.12734375 0.1390625 0.13593750000000002
20 0.6492187500000001 0.07421875 0.1203125 0.1203125
35 0.8921875 0.15390625000000002 0.16875 0.1703125
21 0.09531250000000001 0.3796875 0.0625 0.115625
34 0.37578125 0.35390625000000003 0.1390625 0.1453125
9 0.61640625 0.40078125000000003 0.1296875 0.1328125
4 0.8984375 0.321875 0.10625000000000001 0.10312500000000001
21 0.09375 0.6171875 0.09375 0.109375
6 0.37890625 0.63203125 0.1296875 0.15781250000000002
7 0.6312500000000001 0.6468750000000001 0.146875 0.16562500000000002
