10 0.10390625 0.10703125000000001 0.08281250000000001 0.0890625
34 0.37890625 0.13203125000000002 0.1765625 0.1765625
21 0.6234375000000001 0.10312500000000001 0.19687500000000002 0.19062500000000002
6 0.8500000000000001 0.12812500000000002 0.1125 0.134375
2 0.10234375000000001 0.340625 0.0671875 0.084375
33 0.36015625 0.36484375 0.1046875 0.0890625
21 0.6140625000000001 0.36953125000000003 0.109375 0.11093750000000001
8 0.8796875000000001 0.34375 0.134375 0.140625
35 0.14296875 0.58046875 0.13593750000000002 0.1328125
4 0.3515625 0.5906250000000001 0.06875 0.096875
5 0.6117187500000001 0.6203125 0.1234375 0.15625
29 0.8484375000000001 0.6140625000000001 0.109375 0.12187500000000001
32 0.13359375 0.9164062500000001 0.18906250000000002 0.1953125
32 0.36250000000000004 0.8226562500000001 0.15937500000000002 0.15156250000000002
11 0.6218750000000001 0.82578125 0.1 0.1046875
