4 0.11484375000000001 0.1421875 0.13593750000000002 0.12812500000000002
2 0.3515625 0.08359375000000001 0.07500000000000001 0.0890625
8 0.5906250000000001 0.125 0.09375 0.115625
35 0.8453125 0.15546875000000002 0.184375 0.18281250000000002
29 0.14296875 0.39296875000000003 0.11406250000000001 0.1328125
16 0.36562500000000003 0.38359375 0.134375 0.13593750000000002
18 0.60546875 0.35078125000000004 0.0921875 0.1203125
24 0.84765625 0.35234375 0.13593750000000002 0.1390625
16 0.10859375 0.6195312500000001 0.0921875 0.1015625
33 0.36250000000000004 0.609375 0.109375 0.1
13 0.6179687500000001 0.59375 0.1171875 0.11875000000000001
18 0.8500000000000001 0.6421875 0.084375 0.109375
4 0.109375 0.89609375 0.1 0.11406250000000001
