17 0.12265625000000001 0.10703125000000001 0.1203125 0.1203125
16 0.35234375 0.1390625 0.2078125 0.209375
18 0.62421875 0.16171875000000002 0.1203125 0.11093750000000001
12 0.8617187500000001 0.1015625 0.07968750000000001 0.09062500000000001
1 0.1046875 0.39140625 0.09375 0.1390625
19 0.37109375 0.35234375 0.11093750000000001 0.1171875
17 0.58984375 0.35390625000000003 0.11406250000000001 0.11406250000000001
31 0.87109375 0.32656250000000003 0.1203125 0.13125
23 0.13125 0.6484375 0.15625 0.153125
23 0.375 0.60078125 0.1125 0.11093750000000001
