4 0.1125 0.1046875 0.084375 0.12187500000000001
9 0.36562500000000003 0.08203125 0.08750000000000001 0.1171875
14 0.5796875 0.096875 0.078125 0.08125
32 0.88671875 0.11640625 0.1609375 0.1640625
34 0.09140625000000001 0.36640625000000004 0.0578125 0.0921875
14 0.38046875 0.40546875000000004 0.1390625 0.15156250000000002
0 0.5984375000000001 0.38046875 0.10625000000000001 0.1203125
14 0.8812500000000001 0.36015625 0.15000000000000002 0.1640625
25 0.10078125 0.6078125000000001 0.07968750000000001 0.1125
16 0.35781250000000003 0.6046875 0.140625 0.140625
