14 0.0859375 0.13125 0.134375 0.13125
17 0.35546875 0.08046875 0.0890625 0.07968750000000001
33 0.6046875 0.1421875 0.184375 0.184375
18 0.89375 0.08203125 0.1 0.09531250000000001
32 0.1484375 0.35625 0.184375 0.15625
8 0.33437500000000003 0.3484375 0.09375 0.1125
4 0.609375 0.37421875000000004 0.11875000000000001 0.1328125
24 0.88046875 0.39609375 0.1484375 0.1390625
4 0.10859375 0.56875 0.06406250000000001 0.08125
0 0.37265625 0.5640625 0.09843750000000001 0.10625000000000001
8 0.6140625000000001 0.6101562500000001 0.125 0.1203125
