12 0.10078125 0.1375 0.0859375 0.10312500000000001
9 0.3515625 0.1453125 0.08125 0.1
33 0.61875 0.1234375 0.1625 0.16875
9 0.8734375000000001 0.06796875000000001 0.09375 0.1046875
4 0.10078125 0.36250000000000004 0.0765625 0.10312500000000001
35 0.35859375000000004 0.36015625 0.0921875 0.0921875
27 0.64453125 0.37265625 0.1703125 0.1203125
19 0.8296875 0.3640625 0.084375 0.10312500000000001
2 0.09375 0.628125 0.096875 0.1
3 0.38984375000000004 0.64609375 0.1640625 0.17343750000000002
11 0.6101562500000001 0.6062500000000001 0.1390625 0.14375000000000002
3 0.8929687500000001 0.5734375 0.1046875 0.10312500000000001
12 0.1015625 0.8539062500000001 0.08750000000000001 0.0921875
6 0.375 0.8679687500000001 0.12812500000000002 0.1484375
