11 0.115625 0.08125 0.10625000000000001 0.09062500000000001
1 0.36328125 0.14453125 0.1171875 0.1328125
7 0.6000000000000001 0.11328125 0.12812500000000002 0.1265625
27 0.8500000000000001 0.11406250000000001 0.06875 0.115625
21 0.09296875 0.36250000000000004 0.1328125 0.134375
1 0.35781250000000003 0.38203125000000004 0.12812500000000002 0.1265625
20 0.6140625000000001 0.36250000000000004 0.11875000000000001 0.11875000000000001
20 0.87890625 0.40078125000000003 0.2015625 0.20468750000000002
0 0.1078125 0.61640625 0.07500000000000001 0.1078125
2 0.359375 0.609375 0.09062500000000001 0.13125
26 0.61328125 0.609375 0.11406250000000001 0.125
4 0.8757812500000001 0.56796875 0.08281250000000001 0.0921875
4 0.08671875000000001 0.8859375 0.1265625 0.12812500000000002
