0 0.10078125 0.12812500000000002 0.1453125 0.140625
23 0.36250000000000004 0.11328125 0.1375 0.13593750000000002
4 0.5890625 0.1015625 0.1125 0.12187500000000001
10 0.8640625000000001 0.15078125 0.109375 0.1046875
8 0.1 0.34453125 0.115625 0.1328125
9 0.35859375000000004 0.34218750000000003 0.0859375 0.125
23 0.603125 0.36796875 0.10312500000000001 0.1046875
11 0.87109375 0.33906250000000004 0.1046875 0.10312500000000001
31 0.11015625000000001 0.59609375 0.11093750000000001 0.1171875
25 0.35546875 0.6000000000000001 0.09843750000000001 0.096875
18 0.59296875 0.6203125 0.1328125 0.13125
19 0.8523437500000001 0.6117187500000001 0.1296875 0.13593750000000002
