4 0.10546875 0.13359375 0.16718750000000002 0.1609375
23 0.38515625000000003 0.10703125000000001 0.1703125 0.1703125
20 0.6125 0.09843750000000001 0.109375 0.109375
6 0.8406250000000001 0.10625000000000001 0.096875 0.11875000000000001
3 0.09140625000000001 0.36796875 0.1046875 0.1046875
18 0.34453125 0.375 0.1203125 0.12812500000000002
28 0.6015625 0.3921875 0.1 0.109375
18 0.8382812500000001 0.38828125 0.035937500000000004 0.13593750000000002
18 0.1125 0.63671875 0.14375000000000002 0.1484375
4 0.36015625 0.65234375 0.07968750000000001 0.1203125
35 0.59296875 0.6000000000000001 0.11093750000000001 0.125
11 0.85546875 0.6218750000000001 0.09843750000000001 0.109375
11 0.07734375 0.8578125000000001 0.1234375 0.12187500000000001
21 0.33906250000000004 0.8562500000000001 0.11875000000000001 0.11875000000000001
9 0.6078125000000001 0.83984375 0.07500000000000001 0.09531250000000001
15 0.85546875 0.84921875 0.1078125 0.09531250000000001
