2 0.115625 0.08515625 0.109375 0.1171875
29 0.371875 0.10625000000000001 0.11875000000000001 0.11875000000000001
14 0.61640625 0.13593750000000002 0.1453125 0.15937500000000002
9 0.8390625 0.11015625000000001 0.1375 0.1328125
9 0.09609375 0.359375 0.0890625 0.11875000000000001
32 0.37031250000000004 0.34453125 0.10312500000000001 0.1015625
33 0.5750000000000001 0.359375 0.096875 0.096875
17 0.88671875 0.33437500000000003 0.11093750000000001 0.10312500000000001
6 0.09843750000000001 0.6015625 0.115625 0.12812500000000002
0 0.36250000000000004 0.6429687500000001 0.09062500000000001 0.1203125
33 0.5984375000000001 0.6125 0.134375 0.134375
