14 0.10546875 0.1390625 0.0921875 0.1
0 0.3875 0.07734375 0.109375 0.11093750000000001
2 0.5984375000000001 0.1015625 0.115625 0.140625
8 0.8296875 0.1265625 0.096875 0.09062500000000001
3 0.10234375000000001 0.36640625000000004 0.1046875 0.1234375
24 0.38046875 0.4078125 0.1546875 0.1625
6 0.6039062500000001 0.3671875 0.0890625 0.10625000000000001
14 0.86328125 0.38828125 0.1640625 0.1609375
6 0.09765625 0.6179687500000001 0.1453125 0.15156250000000002
35 0.340625 0.62109375 0.134375 0.1328125
23 0.596875 0.584375 0.078125 0.109375
2 0.8921875 0.609375 0.16562500000000002 0.1625
2 0.12812500000000002 0.828125 0.109375 0.1125
