14 0.11953125 0.13828125 0.1203125 0.13593750000000002
29 0.35390625000000003 0.12578125 0.1421875 0.1390625
0 0.6101562500000001 0.11015625000000001 0.08281250000000001 0.11406250000000001
14 0.8703125 0.08203125 0.1125 0.1078125
12 0.14453125 0.36953125000000003 0.17343750000000002 0.18281250000000002
13 0.353125 0.37109375 0.125 0.1265625
20 0.60703125 0.384375 0.11406250000000001 0.125
0 0.8390625 0.36250000000000004 0.1125 0.125
3 0.09921875000000001 0.6335937500000001 0.08281250000000001 0.1203125
10 0.37109375 0.62890625 0.15781250000000002 0.16718750000000002
10 0.6218750000000001 0.6109375 0.140625 0.140625
