4 0.08750000000000001 0.10859375 0.14375000000000002 0.1390625
1 0.36484375 0.1296875 0.1234375 0.14375000000000002
31 0.5906250000000001 0.09140625000000001 0.134375 0.1328125
34 0.87265625 0.12890625 0.1484375 0.1484375
35 0.10078125 0.35625 0.1015625 0.10312500000000001
7 0.37109375 0.3609375 0.1203125 0.1375
21 0.6000000000000001 0.35703125 0.153125 0.15156250000000002
5 0.85859375 0.34296875000000004 0.1046875 0.1265625
27 0.07890625000000001 0.59375 0.11406250000000001 0.11875000000000001
5 0.35000000000000003 0.62265625 0.1 0.1078125
29 0.6257812500000001 0.6125 0.16718750000000002 0.16875
1 0.853125 0.6335937500000001 0.096875 0.09843750000000001
32 0.13828125 0.84296875 0.1296875 0.1265625
1 0.3671875 0.8367187500000001 0.08125 0.11406250000000001
24 0.6125 0.8601562500000001 0.13125 0.1421875
8 0.8625 0.8445312500000001 0.08750000000000001 0.1296875
