13 0.11796875000000001 0.10859375 0.15156250000000002 0.1484375
10 0.36171875000000003 0.11171875 0.11093750000000001 0.09843750000000001
11 0.6265625 0.09765625 0.12812500000000002 0.1234375
23 0.84296875 0.10390625 0.1296875 0.1296875
16 0.13046875 0.35546875 0.1328125 0.1328125
13 0.3484375 0.37031250000000004 0.1125 0.12187500000000001
16 0.59140625 0.40156250000000004 0.1921875 0.19375
23 0.84921875 0.309375 0.0703125 0.07187500000000001
17 0.1375 0.60859375 0.15000000000000002 0.1484375
28 0.33515625000000004 0.59296875 0.07968750000000001 0.1078125
17 0.6015625 0.609375 0.146875 0.146875
32 0.8539062500000001 0.6046875 0.1390625 0.140625
27 0.0921875 0.878125 0.10625000000000001 0.10625000000000001
32 0.390625 0.8640625000000001 0.16875 0.16875
28 0.5984375000000001 0.8968750000000001 0.109375 0.14375000000000002
2 0.8601562500000001 0.853125 0.09843750000000001 0.11875000000000001
