2 0.08984375 0.096875 0.08281250000000001 0.10625000000000001
13 0.3953125 0.09296875 0.1375 0.1390625
9 0.6171875 0.125 0.153125 0.146875
11 0.8796875000000001 0.11640625 0.17500000000000002 0.1765625
24 0.1453125 0.353125 0.153125 0.153125
27 0.39140625 0.36796875 0.1921875 0.1703125
8 0.625 0.340625 0.12812500000000002 0.11875000000000001
1 0.8671875 0.38593750000000004 0.115625 0.13125
3 0.11875000000000001 0.596875 0.12187500000000001 0.12812500000000002
15 0.3828125 0.6351562500000001 0.125 0.1390625
4 0.60859375 0.6687500000000001 0.0859375 0.12187500000000001
12 0.8765625 0.62421875 0.184375 0.18281250000000002
16 0.09375 0.8609375 0.096875 0.096875
