4 0.109375 0.1046875 0.09375 0.115625
11 0.3875 0.1078125 0.153125 0.16875
5 0.6421875 0.15000000000000002 0.15937500000000002 0.16562500000000002
2 0.8609375 0.14921875 0.109375 0.1328125
20 0.0921875 0.35234375 0.109375 0.11406250000000001
14 0.35468750000000004 0.35078125000000004 0.10312500000000001 0.1203125
31 0.6328125 0.42109375000000004 0.16875 0.1796875
19 0.8695312500000001 0.34609375000000003 0.13593750000000002 0.1421875
18 0.10546875 0.6273437500000001 0.11093750000000001 0.11406250000000001
22 0.35781250000000003 0.60703125 0.12812500000000002 0.1296875
17 0.65 0.61875 0.19375 0.16562500000000002
22 0.89609375 0.59140625 0.15156250000000002 0.1421875
6 0.09609375 0.8734375000000001 0.15156250000000002 0.140625
5 0.35625 0.85859375 0.09062500000000001 0.1046875
6 0.6140625000000001 0.8718750000000001 0.12187500000000001 0.134375
1 0.8500000000000001 0.8875000000000001 0.125 0.115625
