18 0.115625 0.060937500000000006 0.06875 0.09375
25 0.35859375000000004 0.12734375 0.13593750000000002 0.1390625
7 0.62265625 0.07109375 0.11093750000000001 0.1234375
31 0.8523437500000001 0.11171875 0.1609375 0.1609375
0 0.096875 0.37421875000000004 0.125 0.1328125
0 0.37578125 0.35859375000000004 0.1171875 0.1171875
27 0.60546875 0.33437500000000003 0.0921875 0.08750000000000001
16 0.8992187500000001 0.36171875000000003 0.15781250000000002 0.15781250000000002
13 0.1046875 0.6203125 0.078125 0.09062500000000001
1 0.36484375 0.61875 0.13593750000000002 0.125
31 0.60078125 0.578125 0.06406250000000001 0.09375
27 0.8453125 0.59375 0.140625 0.1375
21 0.11171875 0.8445312500000001 0.15781250000000002 0.1484375
28 0.33828125000000003 0.88671875 0.1015625 0.09531250000000001
30 0.62890625 0.86640625 0.1453125 0.1234375
