7 0.09453125000000001 0.13359375 0.09843750000000001 0.1015625
15 0.3453125 0.10078125 0.078125 0.1015625
29 0.6296875000000001 0.1 0.15000000000000002 0.15000000000000002
35 0.85078125 0.13671875 0.0859375 0.0921875
19 0.10234375000000001 0.39375000000000004 0.09843750000000001 0.11875000000000001
17 0.38593750000000004 0.36250000000000004 0.15000000000000002 0.146875
16 0.6468750000000001 0.33828125000000003 0.14375000000000002 0.1453125
16 0.87109375 0.3796875 0.1546875 0.153125
6 0.12265625000000001 0.5671875000000001 0.0921875 0.096875
5 0.35625 0.64453125 0.140625 0.1640625
13 0.6039062500000001 0.628125 0.1171875 0.11875000000000001
