3 0.115625 0.09140625000000001 0.10625000000000001 0.1171875
12 0.36953125000000003 0.12734375 0.13593750000000002 0.15156250000000002
23 0.63046875 0.14765625000000002 0.15781250000000002 0.15781250000000002
9 0.859375 0.09843750000000001 0.09062500000000001 0.109375
2 0.10625000000000001 0.375 0.09062500000000001 0.13125
16 0.36875 0.3640625 0.12812500000000002 0.13125
25 0.6296875000000001 0.36875 0.11875000000000001 0.12812500000000002
35 0.8515625 0.37421875000000004 0.115625 0.1265625
25 0.12734375 0.6265625 0.1484375 0.153125
16 0.36015625 0.62265625 0.1296875 0.1296875
8 0.61875 0.62890625 0.14375000000000002 0.1453125
18 0.83515625 0.6218750000000001 0.0546875 0.125
