33 0.1234375 0.10390625 0.13125 0.1328125
33 0.353125 0.14140625 0.084375 0.09531250000000001
20 0.60859375 0.13515625 0.1203125 0.1265625
7 0.8523437500000001 0.09609375 0.0765625 0.0890625
35 0.10078125 0.37578125 0.1296875 0.1328125
29 0.35390625000000003 0.32734375000000004 0.08281250000000001 0.0890625
29 0.584375 0.36640625000000004 0.1 0.09843750000000001
6 0.8640625000000001 0.36562500000000003 0.140625 0.16875
25 0.10625000000000001 0.63828125 0.10625000000000001 0.1046875
3 0.35703125 0.62890625 0.1046875 0.1453125
