34 0.10390625 0.1234375 0.13593750000000002 0.134375
13 0.353125 0.1015625 0.13125 0.13125
27 0.6375000000000001 0.1453125 0.15937500000000002 0.15937500000000002
21 0.84375 0.11171875 0.1125 0.11406250000000001
13 0.13046875 0.359375 0.1265625 0.146875
21 0.37109375 0.35625 0.1015625 0.140625
19 0.6140625000000001 0.3953125 0.11875000000000001 0.115625
20 0.875 0.34609375000000003 0.17500000000000002 0.15781250000000002
2 0.08828125 0.62421875 0.1015625 0.1078125
18 0.3375 0.6046875 0.05625 0.1125
14 0.6046875 0.6195312500000001 0.11875000000000001 0.1171875
35 0.875 0.6125 0.153125 0.15000000000000002
26 0.11171875 0.9046875000000001 0.16718750000000002 0.16875
