21 0.13203125000000002 0.16562500000000002 0.1203125 0.125
3 0.35468750000000004 0.1328125 0.115625 0.14375000000000002
29 0.603125 0.1234375 0.09062500000000001 0.1
23 0.83359375 0.11953125 0.09531250000000001 0.09843750000000001
7 0.09296875 0.36015625 0.06406250000000001 0.0890625
5 0.35781250000000003 0.35859375000000004 0.07500000000000001 0.1203125
14 0.6218750000000001 0.340625 0.12187500000000001 0.11875000000000001
35 0.8617187500000001 0.32265625000000003 0.07968750000000001 0.0890625
17 0.12890625 0.5984375000000001 0.1234375 0.12187500000000001
33 0.3609375 0.60546875 0.1125 0.11406250000000001
2 0.603125 0.6218750000000001 0.134375 0.1375
24 0.8812500000000001 0.65 0.14375000000000002 0.153125
29 0.10703125000000001 0.84375 0.1421875 0.14375000000000002
2 0.34687500000000004 0.8890625000000001 0.08750000000000001 0.10625000000000001
28 0.6265625 0.86640625 0.15000000000000002 0.1546875
