0 0.13828125 0.1640625 0.13593750000000002 0.14375000000000002
2 0.3640625 0.11953125 0.14375000000000002 0.1328125
34 0.628125 0.146875 0.146875 0.14375000000000002
29 0.86328125 0.084375 0.1015625 0.1125
34 0.1265625 0.34296875000000004 0.15000000000000002 0.1546875
16 0.35703125 0.34687500000000004 0.0921875 0.096875
0 0.6023437500000001 0.38671875 0.09843750000000001 0.13593750000000002
16 0.8679687500000001 0.39140625 0.1234375 0.1859375
18 0.08125 0.5875 0.021875000000000002 0.08750000000000001
17 0.36875 0.5859375 0.1125 0.084375
28 0.6109375 0.5789062500000001 0.084375 0.1015625
28 0.87109375 0.6203125 0.1546875 0.153125
