6 0.1234375 0.13515625 0.08750000000000001 0.1296875
23 0.34296875000000004 0.16171875000000002 0.18906250000000002 0.18906250000000002
17 0.6140625000000001 0.1296875 0.109375 0.1125
6 0.8515625 0.10078125 0.084375 0.1171875
33 0.12421875 0.36171875000000003 0.1546875 0.1546875
10 0.3453125 0.40625 0.12812500000000002 0.15000000000000002
1 0.60703125 0.36250000000000004 0.0859375 0.1
24 0.853125 0.37734375000000003 0.1375 0.1390625
18 0.08046875 0.62890625 0.0421875 0.11093750000000001
11 0.33046875000000003 0.58125 0.0859375 0.09062500000000001
18 0.5789062500000001 0.64375 0.0671875 0.140625
8 0.8601562500000001 0.6140625000000001 0.09843750000000001 0.12187500000000001
