27 0.134375 0.09296875 0.134375 0.13593750000000002
18 0.33828125000000003 0.15781250000000002 0.0421875 0.115625
9 0.6039062500000001 0.1171875 0.15781250000000002 0.16875
10 0.853125 0.06328125 0.084375 0.0890625
10 0.10234375000000001 0.35546875 0.09843750000000001 0.0921875
10 0.36171875000000003 0.371875 0.15781250000000002 0.15625
31 0.62109375 0.34765625 0.1296875 0.1265625
26 0.86484375 0.39687500000000003 0.11406250000000001 0.12187500000000001
0 0.1265625 0.59609375 0.10312500000000001 0.1234375
23 0.36250000000000004 0.62890625 0.11875000000000001 0.1296875
8 0.58125 0.6117187500000001 0.1125 0.11093750000000001
31 0.8679687500000001 0.6171875 0.15781250000000002 0.15937500000000002
33 0.09453125000000001 0.86875 0.1328125 0.13125
27 0.36328125 0.8859375 0.0921875 0.109375
