20 0.13828125 0.12421875 0.17343750000000002 0.17343750000000002
23 0.3375 0.084375 0.13125 0.13125
16 0.6359375 0.15546875000000002 0.15937500000000002 0.1453125
27 0.86484375 0.109375 0.13593750000000002 0.1375
25 0.1234375 0.35859375000000004 0.13125 0.1328125
19 0.37734375000000003 0.3984375 0.1265625 0.13125
4 0.6039062500000001 0.38515625000000003 0.11406250000000001 0.1390625
24 0.8695312500000001 0.38359375 0.1390625 0.1390625
4 0.12421875 0.6000000000000001 0.11406250000000001 0.134375
19 0.36562500000000003 0.6234375000000001 0.153125 0.16875
4 0.60859375 0.5984375000000001 0.09531250000000001 0.10625000000000001
35 0.86328125 0.6015625 0.1015625 0.10312500000000001
