9 0.11406250000000001 0.07500000000000001 0.078125 0.09062500000000001
22 0.40937500000000004 0.08125 0.1375 0.1375
23 0.65234375 0.07578125000000001 0.11406250000000001 0.11093750000000001
25 0.86484375 0.0890625 0.09531250000000001 0.09375
21 0.08515625 0.36015625 0.1328125 0.1296875
21 0.35546875 0.37109375 0.09843750000000001 0.1203125
27 0.64375 0.34921875 0.140625 0.1421875
13 0.87890625 0.38828125 0.1171875 0.1421875
11 0.15000000000000002 0.64375 0.17500000000000002 0.178125
33 0.38671875 0.59140625 0.1453125 0.1453125
13 0.58125 0.62421875 0.096875 0.09531250000000001
