6 0.1078125 0.10312500000000001 0.11875000000000001 0.1125
0 0.3640625 0.11015625000000001 0.1375 0.1640625
34 0.60078125 0.11484375000000001 0.1078125 0.1078125
16 0.8601562500000001 0.1390625 0.1546875 0.15937500000000002
34 0.115625 0.37812500000000004 0.16875 0.16875
14 0.37812500000000004 0.35468750000000004 0.13125 0.134375
7 0.6390625000000001 0.34921875 0.109375 0.11406250000000001
27 0.8679687500000001 0.33828125000000003 0.09843750000000001 0.1078125
3 0.09531250000000001 0.59296875 0.07187500000000001 0.09531250000000001
15 0.36562500000000003 0.57578125 0.096875 0.1015625
4 0.6023437500000001 0.6296875000000001 0.11093750000000001 0.10312500000000001
28 0.8617187500000001 0.61875 0.13593750000000002 0.15937500000000002
3 0.10234375000000001 0.8500000000000001 0.1078125 0.109375
21 0.38515625000000003 0.8859375 0.17343750000000002 0.1625
6 0.609375 0.90234375 0.1 0.1265625
