27 0.15625 0.12421875 0.184375 0.1953125
16 0.359375 0.13515625 0.146875 0.15156250000000002
6 0.59921875 0.13671875 0.1203125 0.1421875
2 0.853125 0.09531250000000001 0.07500000000000001 0.084375
27 0.1375 0.38125000000000003 0.18125000000000002 0.18125000000000002
4 0.33906250000000004 0.37265625 0.1125 0.11093750000000001
0 0.61328125 0.39140625 0.1421875 0.1609375
16 0.8539062500000001 0.36484375 0.1296875 0.1296875
6 0.09453125000000001 0.5906250000000001 0.06406250000000001 0.09062500000000001
14 0.35781250000000003 0.5734375 0.07500000000000001 0.096875
13 0.6257812500000001 0.59375 0.1234375 0.12187500000000001
