19 0.11328125 0.14921875 0.1296875 0.15781250000000002
17 0.34921875 0.09062500000000001 0.11093750000000001 0.1125
2 0.6125 0.07968750000000001 0.096875 0.10625000000000001
8 0.86328125 0.1203125 0.1296875 0.1625
25 0.1296875 0.37343750000000003 0.15625 0.171875
11 0.38046875 0.33046875000000003 0.11406250000000001 0.1171875
6 0.62265625 0.40078125000000003 0.09531250000000001 0.1296875
7 0.83984375 0.40703125 0.1328125 0.15156250000000002
4 0.10078125 0.609375 0.09531250000000001 0.12187500000000001
16 0.35468750000000004 0.6257812500000001 0.140625 0.1390625
28 0.61875 0.6000000000000001 0.10312500000000001 0.134375
35 0.86875 0.6375000000000001 0.12812500000000002 0.134375
2 0.10312500000000001 0.88046875 0.1 0.1328125
10 0.3453125 0.87265625 0.09375 0.0890625
11 0.634375 0.8382812500000001 0.125 0.1296875
2 0.8203125 0.8562500000000001 0.10625000000000001 0.109375
