0 0.07187500000000001 0.10703125000000001 0.10625000000000001 0.1015625
6 0.35781250000000003 0.12734375 0.096875 0.1078125
32 0.6234375000000001 0.09843750000000001 0.19062500000000002 0.1875
32 0.8578125000000001 0.1234375 0.096875 0.096875
3 0.12578125 0.371875 0.1328125 0.1625
12 0.35703125 0.36796875 0.1265625 0.1234375
19 0.6000000000000001 0.32656250000000003 0.096875 0.1
4 0.8695312500000001 0.35234375 0.1421875 0.1328125
2 0.08984375 0.5953125 0.0734375 0.10312500000000001
14 0.37421875000000004 0.6203125 0.1609375 0.15937500000000002
