15 0.08359375000000001 0.1 0.08281250000000001 0.08750000000000001
34 0.3875 0.109375 0.1375 0.1375
4 0.6000000000000001 0.12812500000000002 0.084375 0.10625000000000001
0 0.8484375000000001 0.1015625 0.09062500000000001 0.08750000000000001
7 0.10625000000000001 0.36640625000000004 0.15000000000000002 0.1609375
14 0.35781250000000003 0.371875 0.084375 0.10312500000000001
4 0.6015625 0.34375 0.09062500000000001 0.1
17 0.87890625 0.35546875 0.13593750000000002 0.1234375
35 0.12812500000000002 0.6101562500000001 0.15625 0.1609375
2 0.35546875 0.61484375 0.09843750000000001 0.11406250000000001
16 0.62265625 0.59921875 0.1015625 0.11093750000000001
30 0.88046875 0.6015625 0.13593750000000002 0.1125
3 0.09140625000000001 0.91171875 0.1078125 0.13593750000000002
