22 0.11093750000000001 0.1203125 0.115625 0.115625
14 0.3828125 0.15078125 0.14375000000000002 0.1328125
10 0.6273437500000001 0.13984375000000002 0.1546875 0.1546875
32 0.86640625 0.109375 0.1203125 0.11875000000000001
9 0.14453125 0.3203125 0.1078125 0.1125
8 0.34453125 0.3875 0.08281250000000001 0.1125
31 0.6351562500000001 0.35703125 0.1765625 0.1765625
24 0.87109375 0.34765625 0.16718750000000002 0.17343750000000002
25 0.10703125000000001 0.62109375 0.1546875 0.15156250000000002
18 0.33203125 0.59765625 0.07968750000000001 0.0890625
