3 0.1203125 0.12109375 0.13125 0.1546875
14 0.36484375 0.12187500000000001 0.1484375 0.14375000000000002
29 0.62109375 0.13203125000000002 0.11406250000000001 0.1421875
17 0.9007812500000001 0.0734375 0.1171875 0.115625
0 0.12421875 0.38125000000000003 0.1453125 0.15000000000000002
18 0.33671875 0.34218750000000003 0.0703125 0.08125
19 0.6078125000000001 0.35859375000000004 0.1375 0.15781250000000002
15 0.8546875 0.3375 0.12812500000000002 0.134375
16 0.1234375 0.6359375 0.1625 0.1625
7 0.328125 0.58203125 0.065625 0.0859375
11 0.6109375 0.61875 0.134375 0.140625
4 0.8734375000000001 0.6000000000000001 0.12812500000000002 0.13125
9 0.12421875 0.8929687500000001 0.11093750000000001 0.1484375
26 0.38593750000000004 0.85546875 0.16562500000000002 0.1703125
27 0.609375 0.8734375000000001 0.125 0.125
