14 0.11171875 0.1296875 0.1078125 0.1125
24 0.39765625000000004 0.06796875000000001 0.0921875 0.0921875
5 0.6109375 0.09531250000000001 0.084375 0.10625000000000001
4 0.8523437500000001 0.1046875 0.0734375 0.09062500000000001
19 0.11406250000000001 0.37265625 0.12187500000000001 0.1265625
5 0.35000000000000003 0.38359375 0.146875 0.1609375
13 0.609375 0.38906250000000003 0.1625 0.1625
28 0.8625 0.3921875 0.115625 0.14375000000000002
10 0.11093750000000001 0.6257812500000001 0.14375000000000002 0.1390625
31 0.37343750000000003 0.63046875 0.10625000000000001 0.11406250000000001
4 0.5921875 0.6101562500000001 0.059375000000000004 0.07968750000000001
6 0.8625 0.5890625 0.08125 0.10312500000000001
12 0.125 0.8453125 0.1125 0.115625
10 0.38046875 0.8875000000000001 0.16718750000000002 0.16562500000000002
10 0.6140625000000001 0.8375 0.11875000000000001 0.109375
1 0.85703125 0.85546875 0.0890625 0.1421875
