23 0.1265625 0.125 0.16562500000000002 0.16562500000000002
13 0.37890625 0.13515625 0.15156250000000002 0.1546875
34 0.6140625000000001 0.0921875 0.10625000000000001 0.109375
32 0.909375 0.1609375 0.2 0.15937500000000002
8 0.11406250000000001 0.4 0.1 0.14375000000000002
19 0.36171875000000003 0.35468750000000004 0.11406250000000001 0.115625
25 0.62890625 0.38515625000000003 0.15781250000000002 0.15781250000000002
7 0.85078125 0.37890625 0.1171875 0.1328125
14 0.09843750000000001 0.6046875 0.07500000000000001 0.08125
21 0.3640625 0.62421875 0.12187500000000001 0.1484375
24 0.6195312500000001 0.63671875 0.1484375 0.1546875
27 0.8679687500000001 0.60859375 0.1078125 0.1234375
