2 0.0734375 0.09843750000000001 0.08750000000000001 0.096875
19 0.3953125 0.15078125 0.15625 0.15781250000000002
3 0.6046875 0.11796875000000001 0.115625 0.1234375
29 0.859375 0.06406250000000001 0.07500000000000001 0.07500000000000001
3 0.11640625 0.38593750000000004 0.1609375 0.15937500000000002
13 0.38046875 0.35703125 0.13593750000000002 0.13593750000000002
31 0.63828125 0.37109375 0.1015625 0.1171875
25 0.87421875 0.3046875 0.0890625 0.09062500000000001
21 0.12187500000000001 0.5906250000000001 0.125 0.109375
6 0.34921875 0.6195312500000001 0.09843750000000001 0.1234375
1 0.5945312500000001 0.6179687500000001 0.060937500000000006 0.08281250000000001
4 0.8539062500000001 0.6117187500000001 0.1421875 0.1453125
