10 0.1203125 0.084375 0.10625000000000001 0.10312500000000001
23 0.353125 0.1265625 0.14375000000000002 0.14375000000000002
34 0.6257812500000001 0.13203125000000002 0.1171875 0.1234375
31 0.8539062500000001 0.13203125000000002 0.1765625 0.17343750000000002
20 0.08515625 0.353125 0.1328125 0.13125
25 0.33984375 0.38203125000000004 0.0921875 0.0921875
14 0.64375 0.34218750000000003 0.140625 0.140625
25 0.87109375 0.359375 0.1390625 0.1375
17 0.15078125 0.58046875 0.1265625 0.1234375
19 0.3453125 0.60546875 0.09062500000000001 0.1328125
33 0.6125 0.63203125 0.14375000000000002 0.1390625
2 0.8578125000000001 0.6429687500000001 0.10312500000000001 0.1296875
22 0.12265625000000001 0.8765625 0.1390625 0.1125
31 0.3796875 0.8304687500000001 0.12187500000000001 0.1203125
