7 0.13203125000000002 0.12265625000000001 0.11093750000000001 0.1265625
17 0.38515625000000003 0.11406250000000001 0.16718750000000002 0.16875
16 0.6414062500000001 0.10390625 0.1609375 0.1609375
7 0.87109375 0.10859375 0.1234375 0.1265625
21 0.11015625000000001 0.34375 0.09531250000000001 0.096875
2 0.35703125 0.34453125 0.1484375 0.1546875
35 0.6140625000000001 0.3609375 0.15000000000000002 0.16875
21 0.853125 0.4 0.08750000000000001 0.09375
0 0.12187500000000001 0.5703125 0.096875 0.10312500000000001
4 0.35078125000000004 0.6296875000000001 0.08281250000000001 0.096875
3 0.5945312500000001 0.628125 0.0734375 0.096875
4 0.8539062500000001 0.6156250000000001 0.1234375 0.140625
