34 0.11015625000000001 0.14921875 0.15781250000000002 0.15781250000000002
13 0.384375 0.09296875 0.140625 0.1421875
15 0.61484375 0.1375 0.1171875 0.13125
3 0.878125 0.15000000000000002 0.134375 0.15000000000000002
23 0.13828125 0.41015625 0.1390625 0.1609375
17 0.3921875 0.37343750000000003 0.18125000000000002 0.18125000000000002
23 0.6273437500000001 0.34453125 0.1171875 0.1171875
3 0.8757812500000001 0.33125000000000004 0.11406250000000001 0.1125
4 0.13125 0.56015625 0.08750000000000001 0.09531250000000001
0 0.38046875 0.57578125 0.1078125 0.11093750000000001
21 0.64375 0.6125 0.178125 0.18125000000000002
