16 0.10312500000000001 0.1265625 0.11875000000000001 0.11875000000000001
7 0.384375 0.12187500000000001 0.15937500000000002 0.15625
32 0.65 0.08671875000000001 0.2 0.2015625
16 0.8679687500000001 0.1015625 0.09843750000000001 0.10312500000000001
20 0.13359375 0.41171875 0.2171875 0.20468750000000002
21 0.35546875 0.40390625 0.1421875 0.1453125
1 0.5890625 0.40156250000000004 0.109375 0.15000000000000002
16 0.846875 0.38515625000000003 0.084375 0.1265625
31 0.12578125 0.6101562500000001 0.15781250000000002 0.1703125
17 0.38671875 0.5984375000000001 0.1453125 0.15937500000000002
24 0.6156250000000001 0.60078125 0.115625 0.1203125
