14 0.1171875 0.16171875000000002 0.1875 0.18906250000000002
27 0.34921875 0.0671875 0.0765625 0.07500000000000001
21 0.6328125 0.06484375 0.10312500000000001 0.11406250000000001
0 0.8406250000000001 0.084375 0.0625 0.09062500000000001
2 0.13828125 0.340625 0.1421875 0.134375
2 0.36328125 0.34375 0.1078125 0.140625
10 0.61875 0.40078125000000003 0.140625 0.13593750000000002
1 0.89453125 0.325 0.1046875 0.10312500000000001
31 0.14296875 0.6117187500000001 0.11406250000000001 0.1296875
31 0.38984375000000004 0.56875 0.1078125 0.115625
5 0.60078125 0.6101562500000001 0.1546875 0.1640625
35 0.8359375 0.6015625 0.11875000000000001 0.11875000000000001
18 0.13984375000000002 0.9031250000000001 0.1234375 0.12812500000000002
