12 0.096875 0.1328125 0.096875 0.109375
16 0.35625 0.125 0.10312500000000001 0.1125
3 0.6179687500000001 0.1390625 0.1453125 0.16562500000000002
5 0.88203125 0.1390625 0.1453125 0.16562500000000002
0 0.09921875000000001 0.4078125 0.08281250000000001 0.12187500000000001
20 0.36640625000000004 0.3609375 0.1203125 0.12187500000000001
31 0.64765625 0.31640625 0.11093750000000001 0.11093750000000001
13 0.84921875 0.35703125 0.0765625 0.0734375
5 0.1046875 0.58984375 0.078125 0.09531250000000001
15 0.37812500000000004 0.63046875 0.1625 0.1703125
33 0.62109375 0.61328125 0.15156250000000002 0.15156250000000002
31 0.8546875 0.6218750000000001 0.1 0.09062500000000001
15 0.125 0.85546875 0.134375 0.1265625
11 0.35546875 0.8929687500000001 0.0921875 0.0921875
5 0.61328125 0.86640625 0.1078125 0.1421875
