2 0.1125 0.12187500000000001 0.146875 0.14375000000000002
27 0.36484375 0.09609375 0.11093750000000001 0.11093750000000001
35 0.596875 0.13203125000000002 0.08750000000000001 0.1171875
31 0.88671875 0.09609375 0.1421875 0.1421875
1 0.0890625 0.371875 0.08750000000000001 0.08125
35 0.36484375 0.33203125 0.1015625 0.1046875
19 0.6179687500000001 0.33828125000000003 0.1015625 0.1046875
27 0.8500000000000001 0.37734375000000003 0.134375 0.1265625
18 0.07421875 0.5921875 0.035937500000000004 0.10625000000000001
13 0.34140625 0.6156250000000001 0.1265625 0.12812500000000002
23 0.64765625 0.6492187500000001 0.16718750000000002 0.1640625
17 0.8445312500000001 0.6117187500000001 0.1046875 0.11093750000000001
11 0.12578125 0.8703125 0.1390625 0.146875
13 0.3796875 0.8421875000000001 0.125 0.12187500000000001
27 0.6421875 0.8203125 0.109375 0.109375
