6 0.10390625 0.13515625 0.0859375 0.0921875
14 0.36953125000000003 0.10234375000000001 0.1609375 0.1765625
32 0.61640625 0.0703125 0.1015625 0.096875
25 0.8773437500000001 0.08515625 0.1171875 0.1171875
1 0.1 0.36171875000000003 0.13125 0.1171875
14 0.3953125 0.40390625 0.1625 0.1640625
4 0.63984375 0.32578125 0.11406250000000001 0.1078125
3 0.853125 0.35468750000000004 0.125 0.15625
25 0.1015625 0.6273437500000001 0.08125 0.1203125
13 0.31171875000000004 0.6015625 0.0921875 0.09375
7 0.61875 0.59296875 0.109375 0.1015625
1 0.86328125 0.640625 0.1015625 0.115625
17 0.1015625 0.8578125000000001 0.11875000000000001 0.12187500000000001
