30 0.1015625 0.13593750000000002 0.140625 0.153125
22 0.37734375000000003 0.11875000000000001 0.1421875 0.14375000000000002
11 0.63046875 0.14609375 0.1390625 0.1421875
18 0.8640625000000001 0.15781250000000002 0.109375 0.153125
27 0.10078125 0.3375 0.17343750000000002 0.178125
11 0.3796875 0.37734375000000003 0.15000000000000002 0.15781250000000002
3 0.59375 0.34687500000000004 0.096875 0.1125
2 0.87109375 0.39687500000000003 0.1234375 0.11875000000000001
6 0.13359375 0.64609375 0.1296875 0.15156250000000002
24 0.3484375 0.62265625 0.084375 0.0890625
