28 0.1 0.11328125 0.12812500000000002 0.1265625
15 0.36953125000000003 0.13203125000000002 0.1390625 0.1421875
15 0.6171875 0.07265625 0.09062500000000001 0.1078125
23 0.8460937500000001 0.084375 0.051562500000000004 0.08125
2 0.07968750000000001 0.36171875000000003 0.084375 0.09531250000000001
11 0.36328125 0.36640625000000004 0.1265625 0.1265625
9 0.6195312500000001 0.33515625000000004 0.0734375 0.1171875
2 0.83125 0.33671875 0.078125 0.0890625
6 0.11640625 0.6507812500000001 0.1453125 0.15156250000000002
7 0.36562500000000003 0.6109375 0.08750000000000001 0.12187500000000001
