7 0.09765625 0.13671875 0.1046875 0.09843750000000001
26 0.39140625 0.109375 0.1765625 0.17500000000000002
16 0.6195312500000001 0.109375 0.18906250000000002 0.19062500000000002
16 0.82421875 0.109375 0.11406250000000001 0.1125
18 0.10859375 0.36953125000000003 0.1078125 0.11093750000000001
18 0.3609375 0.3171875 0.084375 0.10312500000000001
14 0.6156250000000001 0.35703125 0.13125 0.13593750000000002
20 0.89609375 0.3875 0.1953125 0.20625000000000002
11 0.09375 0.6257812500000001 0.125 0.1265625
7 0.32656250000000003 0.64765625 0.1375 0.13593750000000002
