7 0.1 0.13046875 0.140625 0.15156250000000002
33 0.38125000000000003 0.1375 0.1625 0.15937500000000002
7 0.61328125 0.11328125 0.08281250000000001 0.1171875
11 0.8453125 0.10390625 0.059375000000000004 0.09843750000000001
14 0.14453125 0.3828125 0.1640625 0.16875
16 0.35625 0.37812500000000004 0.07187500000000001 0.11875000000000001
16 0.6125 0.37812500000000004 0.12812500000000002 0.12812500000000002
1 0.83984375 0.36484375 0.1078125 0.11093750000000001
16 0.12578125 0.6000000000000001 0.1390625 0.14375000000000002
3 0.3453125 0.584375 0.109375 0.11875000000000001
35 0.60078125 0.59375 0.0890625 0.10625000000000001
5 0.89375 0.63671875 0.171875 0.16718750000000002
15 0.1 0.84140625 0.065625 0.11093750000000001
9 0.34687500000000004 0.875 0.1 0.096875
24 0.63671875 0.87890625 0.15781250000000002 0.1609375
4 0.8640625000000001 0.8609375 0.10625000000000001 0.109375
