16 0.12890625 0.1453125 0.1765625 0.203125
2 0.35546875 0.16640625 0.0703125 0.11406250000000001
9 0.6023437500000001 0.11640625 0.1265625 0.1421875
17 0.8445312500000001 0.08046875 0.060937500000000006 0.0703125
13 0.12890625 0.371875 0.15156250000000002 0.15000000000000002
27 0.37812500000000004 0.35703125 0.13125 0.1265625
10 0.6171875 0.353125 0.125 0.125
25 0.88828125 0.32890625 0.11406250000000001 0.11406250000000001
2 0.0859375 0.609375 0.10625000000000001 0.109375
14 0.384375 0.6039062500000001 0.15000000000000002 0.1703125
26 0.6429687500000001 0.609375 0.19843750000000002 0.19687500000000002
