7 0.10859375 0.09609375 0.1046875 0.1046875
33 0.359375 0.15703125 0.20625000000000002 0.2078125
20 0.6492187500000001 0.134375 0.18281250000000002 0.16562500000000002
14 0.8695312500000001 0.1171875 0.1328125 0.125
9 0.11015625000000001 0.38906250000000003 0.15156250000000002 0.146875
9 0.3875 0.34453125 0.12187500000000001 0.1234375
4 0.6218750000000001 0.34687500000000004 0.109375 0.134375
21 0.8796875000000001 0.3953125 0.15937500000000002 0.140625
5 0.08359375000000001 0.60859375 0.1171875 0.1234375
2 0.35468750000000004 0.6273437500000001 0.109375 0.1265625
7 0.60546875 0.5828125000000001 0.0859375 0.10312500000000001
