35 0.11171875 0.12109375 0.13593750000000002 0.1296875
11 0.37109375 0.11015625000000001 0.1796875 0.1765625
21 0.61484375 0.10546875 0.1171875 0.1171875
25 0.8890625000000001 0.1 0.1375 0.146875
1 0.115625 0.38203125000000004 0.12812500000000002 0.1421875
3 0.36953125000000003 0.33984375 0.1015625 0.1015625
2 0.58984375 0.36875 0.1328125 0.13125
23 0.88203125 0.39765625000000004 0.20468750000000002 0.20468750000000002
8 0.09609375 0.6171875 0.13593750000000002 0.146875
13 0.37265625 0.6179687500000001 0.09843750000000001 0.1171875
7 0.625 0.59765625 0.11875000000000001 0.1203125
31 0.8695312500000001 0.58359375 0.11406250000000001 0.11406250000000001
29 0.10859375 0.88671875 0.1453125 0.1453125
13 0.3765625 0.86875 0.16875 0.16875
8 0.61640625 0.846875 0.11406250000000001 0.134375
13 0.9070312500000001 0.8984375 0.18281250000000002 0.1875
