4 0.08984375 0.13203125000000002 0.1421875 0.13593750000000002
11 0.36484375 0.12421875 0.1203125 0.1265625
20 0.5859375 0.1265625 0.125 0.115625
9 0.87265625 0.10859375 0.1265625 0.1234375
35 0.1125 0.37578125 0.15937500000000002 0.1609375
16 0.35781250000000003 0.340625 0.09062500000000001 0.1
23 0.6015625 0.375 0.115625 0.115625
28 0.87421875 0.33125000000000004 0.11406250000000001 0.12187500000000001
2 0.09921875000000001 0.603125 0.08281250000000001 0.096875
23 0.3875 0.6257812500000001 0.1625 0.1609375
1 0.5921875 0.6000000000000001 0.12812500000000002 0.134375
11 0.88203125 0.6421875 0.1390625 0.146875
5 0.11875000000000001 0.9109375000000001 0.125 0.15000000000000002
2 0.37812500000000004 0.8406250000000001 0.115625 0.125
34 0.60078125 0.8679687500000001 0.1015625 0.11093750000000001
