16 0.13125 0.0890625 0.1375 0.14375000000000002
3 0.3515625 0.1046875 0.109375 0.11875000000000001
24 0.63046875 0.1421875 0.1484375 0.146875
28 0.86640625 0.1078125 0.1078125 0.115625
7 0.11171875 0.36171875000000003 0.0859375 0.1203125
8 0.35625 0.38515625000000003 0.09375 0.13593750000000002
13 0.6101562500000001 0.3828125 0.1171875 0.115625
33 0.88671875 0.321875 0.1234375 0.12187500000000001
35 0.11875000000000001 0.66015625 0.12812500000000002 0.13593750000000002
8 0.3609375 0.6117187500000001 0.115625 0.1265625
23 0.6257812500000001 0.584375 0.1390625 0.134375
26 0.8695312500000001 0.6609375000000001 0.1296875 0.15625
32 0.1328125 0.8671875 0.17500000000000002 0.16562500000000002
34 0.37109375 0.9148437500000001 0.1765625 0.1765625
28 0.62265625 0.8203125 0.0890625 0.1
25 0.8460937500000001 0.88046875 0.1203125 0.1234375
