19 0.11406250000000001 0.10234375000000001 0.115625 0.13593750000000002
23 0.371875 0.134375 0.1125 0.12812500000000002
23 0.6015625 0.09921875000000001 0.109375 0.1203125
10 0.8328125000000001 0.07421875 0.1 0.09531250000000001
17 0.10234375000000001 0.37343750000000003 0.1265625 0.12812500000000002
6 0.40390625 0.37890625 0.1546875 0.1484375
25 0.62109375 0.35859375000000004 0.1484375 0.15156250000000002
28 0.890625 0.353125 0.15937500000000002 0.15937500000000002
11 0.12109375 0.6203125 0.1484375 0.14375000000000002
2 0.33125000000000004 0.6101562500000001 0.12187500000000001 0.1203125
28 0.6125 0.6273437500000001 0.13125 0.1421875
4 0.8367187500000001 0.5765625 0.0578125 0.078125
