7 0.13359375 0.13515625 0.13593750000000002 0.1453125
25 0.36171875000000003 0.14921875 0.1046875 0.09843750000000001
22 0.5867187500000001 0.08984375 0.13593750000000002 0.13593750000000002
8 0.83984375 0.1046875 0.1015625 0.1125
1 0.11875000000000001 0.3875 0.146875 0.14375000000000002
29 0.3640625 0.35859375000000004 0.1375 0.1390625
25 0.61875 0.40546875000000004 0.125 0.1546875
5 0.88203125 0.34921875 0.1234375 0.1390625
0 0.10390625 0.65 0.08281250000000001 0.12187500000000001
27 0.34375 0.6109375 0.09062500000000001 0.096875
14 0.6023437500000001 0.58125 0.08281250000000001 0.10625000000000001
