35 0.10625000000000001 0.12109375 0.1125 0.1296875
23 0.34921875 0.12578125 0.07968750000000001 0.1046875
13 0.6257812500000001 0.09921875000000001 0.16718750000000002 0.17343750000000002
4 0.88203125 0.140625 0.1390625 0.13125
22 0.12578125 0.36875 0.1421875 0.115625
7 0.3609375 0.3203125 0.08750000000000001 0.10312500000000001
25 0.6117187500000001 0.37812500000000004 0.1328125 0.13125
34 0.8671875 0.35625 0.096875 0.1
0 0.11484375000000001 0.61875 0.1203125 0.140625
34 0.35625 0.6390625000000001 0.146875 0.146875
