11 0.1046875 0.08984375 0.109375 0.11093750000000001
20 0.37031250000000004 0.11796875000000001 0.153125 0.1546875
10 0.6039062500000001 0.10546875 0.1640625 0.1640625
35 0.8578125000000001 0.1296875 0.18125000000000002 0.171875
23 0.15156250000000002 0.37109375 0.20625000000000002 0.1765625
13 0.40859375000000003 0.3828125 0.1796875 0.178125
27 0.60703125 0.37343750000000003 0.1328125 0.146875
30 0.9085937500000001 0.375 0.1953125 0.19687500000000002
11 0.1125 0.640625 0.10312500000000001 0.1125
30 0.38046875 0.6179687500000001 0.1390625 0.1390625
17 0.63046875 0.6234375000000001 0.15156250000000002 0.153125
13 0.8757812500000001 0.56953125 0.09843750000000001 0.09843750000000001
1 0.1328125 0.8226562500000001 0.10312500000000001 0.09531250000000001
10 0.36015625 0.8773437500000001 0.15781250000000002 0.1609375
28 0.6179687500000001 0.8515625 0.1296875 0.134375
8 0.87265625 0.8695312500000001 0.1796875 0.1765625
