28 0.12187500000000001 0.10546875 0.10625000000000001 0.1390625
11 0.37578125 0.13828125 0.1859375 0.18281250000000002
30 0.6359375 0.15625 0.125 0.125
32 0.86875 0.1171875 0.1375 0.1375
23 0.10234375000000001 0.39765625000000004 0.1328125 0.1328125
8 0.35781250000000003 0.3984375 0.07500000000000001 0.12187500000000001
29 0.64453125 0.3296875 0.1296875 0.12812500000000002
7 0.84296875 0.34765625 0.1015625 0.1234375
16 0.13593750000000002 0.5945312500000001 0.134375 0.13593750000000002
11 0.3640625 0.6171875 0.115625 0.125
