25 0.1234375 0.1078125 0.15000000000000002 0.15000000000000002
32 0.37109375 0.12890625 0.1328125 0.11093750000000001
12 0.61328125 0.13203125000000002 0.11093750000000001 0.1296875
35 0.89453125 0.0921875 0.1390625 0.1375
3 0.10859375 0.384375 0.09843750000000001 0.1375
18 0.3828125 0.35546875 0.134375 0.1296875
34 0.6218750000000001 0.35781250000000003 0.12812500000000002 0.134375
18 0.88203125 0.38203125000000004 0.15156250000000002 0.15156250000000002
5 0.1296875 0.6640625 0.115625 0.146875
3 0.37265625 0.61484375 0.13593750000000002 0.1421875
13 0.59296875 0.628125 0.0703125 0.078125
18 0.83515625 0.6101562500000001 0.0421875 0.11406250000000001
