16 0.11171875 0.1125 0.09843750000000001 0.1
12 0.37031250000000004 0.12265625000000001 0.10625000000000001 0.11093750000000001
18 0.61328125 0.1234375 0.1265625 0.134375
10 0.86640625 0.11328125 0.13593750000000002 0.13593750000000002
27 0.12812500000000002 0.37031250000000004 0.16875 0.16562500000000002
13 0.33906250000000004 0.33437500000000003 0.09375 0.10312500000000001
16 0.6203125 0.3640625 0.1125 0.115625
14 0.84375 0.3484375 0.140625 0.140625
4 0.10625000000000001 0.6156250000000001 0.1 0.13125
18 0.32656250000000003 0.6062500000000001 0.028125 0.1
5 0.6156250000000001 0.603125 0.15937500000000002 0.171875
22 0.8679687500000001 0.65390625 0.1859375 0.1859375
2 0.10390625 0.8679687500000001 0.0921875 0.11406250000000001
