34 0.1125 0.1265625 0.146875 0.146875
0 0.38359375 0.13359375 0.1640625 0.16718750000000002
17 0.659375 0.15156250000000002 0.19375 0.16562500000000002
17 0.88671875 0.09296875 0.13593750000000002 0.1328125
20 0.125 0.3484375 0.10625000000000001 0.13125
6 0.36484375 0.390625 0.1171875 0.11875000000000001
35 0.5789062500000001 0.35468750000000004 0.1203125 0.12187500000000001
25 0.86328125 0.3828125 0.1484375 0.15625
35 0.08359375000000001 0.6359375 0.13593750000000002 0.14375000000000002
21 0.3328125 0.6062500000000001 0.109375 0.109375
28 0.6312500000000001 0.6375000000000001 0.178125 0.1875
