1 0.11015625000000001 0.09296875 0.09843750000000001 0.1171875
10 0.36015625 0.11015625000000001 0.1296875 0.1296875
13 0.6117187500000001 0.1453125 0.1015625 0.109375
21 0.8671875 0.10312500000000001 0.115625 0.11875000000000001
14 0.11953125 0.37578125 0.1265625 0.1328125
34 0.36328125 0.39375000000000004 0.1265625 0.12187500000000001
10 0.62265625 0.34296875000000004 0.1265625 0.1421875
8 0.90234375 0.3125 0.0890625 0.08750000000000001
1 0.11640625 0.58828125 0.1078125 0.11093750000000001
23 0.36562500000000003 0.6101562500000001 0.153125 0.15156250000000002
24 0.6312500000000001 0.64609375 0.19687500000000002 0.1953125
2 0.8601562500000001 0.59140625 0.09531250000000001 0.1328125
11 0.09843750000000001 0.87890625 0.07187500000000001 0.1078125
12 0.35781250000000003 0.90390625 0.18125000000000002 0.1796875
