34 0.10390625 0.1296875 0.11406250000000001 0.11875000000000001
20 0.34609375000000003 0.10312500000000001 0.1328125 0.12812500000000002
19 0.6000000000000001 0.09140625000000001 0.08750000000000001 0.0890625
29 0.8953125000000001 0.11640625 0.171875 0.1765625
16 0.10546875 0.3515625 0.09531250000000001 0.140625
1 0.38906250000000003 0.3375 0.1125 0.10625000000000001
35 0.6179687500000001 0.39765625000000004 0.1390625 0.1421875
27 0.8601562500000001 0.3671875 0.1046875 0.10625000000000001
31 0.11484375000000001 0.584375 0.09843750000000001 0.09062500000000001
0 0.36953125000000003 0.65625 0.1296875 0.1375
1 0.609375 0.5890625 0.0625 0.1
