27 0.10078125 0.12890625 0.1203125 0.1203125
34 0.353125 0.12812500000000002 0.08750000000000001 0.09375
18 0.6039062500000001 0.14140625 0.0859375 0.0859375
7 0.8460937500000001 0.14296875 0.1078125 0.1328125
17 0.1171875 0.39140625 0.115625 0.1171875
24 0.36953125000000003 0.33828125000000003 0.11406250000000001 0.1171875
34 0.6015625 0.371875 0.09375 0.1
35 0.8562500000000001 0.40156250000000004 0.09062500000000001 0.1375
30 0.12109375 0.6390625000000001 0.1046875 0.13125
23 0.38671875 0.59375 0.2171875 0.21875
23 0.6453125000000001 0.6335937500000001 0.17500000000000002 0.17343750000000002
28 0.86640625 0.5734375 0.09531250000000001 0.10312500000000001
17 0.11171875 0.884375 0.1296875 0.12187500000000001
