18 0.09140625000000001 0.15390625000000002 0.0671875 0.1015625
4 0.32265625000000003 0.12109375 0.1046875 0.1015625
35 0.6195312500000001 0.10625000000000001 0.1421875 0.15625
7 0.84375 0.08828125 0.065625 0.0859375
13 0.09843750000000001 0.37109375 0.08125 0.0890625
2 0.33906250000000004 0.35546875 0.1 0.1171875
4 0.59296875 0.38046875 0.0890625 0.1046875
6 0.8445312500000001 0.371875 0.0921875 0.1125
8 0.0859375 0.61875 0.06875 0.09375
10 0.3671875 0.64453125 0.11875000000000001 0.1265625
24 0.6218750000000001 0.6101562500000001 0.125 0.13593750000000002
33 0.87109375 0.59375 0.1328125 0.14375000000000002
2 0.09296875 0.86640625 0.06406250000000001 0.0921875
33 0.36250000000000004 0.9007812500000001 0.12187500000000001 0.13593750000000002
34 0.6000000000000001 0.83984375 0.08750000000000001 0.0859375
29 0.8734375000000001 0.84765625 0.1375 0.1421875
