35 0.12187500000000001 0.10312500000000001 0.146875 0.15000000000000002
9 0.40078125000000003 0.07109375 0.1078125 0.1078125
10 0.63984375 0.06953125 0.1171875 0.1171875
24 0.884375 0.10546875 0.153125 0.1546875
24 0.11796875000000001 0.3875 0.1796875 0.18125000000000002
28 0.33906250000000004 0.35000000000000003 0.084375 0.1125
19 0.5984375000000001 0.35546875 0.10312500000000001 0.1078125
35 0.8812500000000001 0.353125 0.16562500000000002 0.16875
7 0.1328125 0.5828125000000001 0.1375 0.140625
22 0.36015625 0.63984375 0.1171875 0.1046875
8 0.596875 0.59140625 0.05 0.0765625
4 0.8484375000000001 0.62265625 0.08125 0.11406250000000001
9 0.10312500000000001 0.8625 0.078125 0.1
8 0.36250000000000004 0.8921875 0.09375 0.11875000000000001
28 0.5945312500000001 0.859375 0.1453125 0.15000000000000002
