6 0.08750000000000001 0.12734375 0.109375 0.1078125
18 0.33437500000000003 0.13125 0.15000000000000002 0.140625
15 0.6265625 0.1265625 0.16875 0.1625
22 0.8812500000000001 0.12578125 0.15937500000000002 0.15781250000000002
25 0.096875 0.38828125 0.09375 0.09531250000000001
34 0.34921875 0.3921875 0.0765625 0.109375
19 0.6203125 0.38671875 0.125 0.1296875
7 0.884375 0.3796875 0.10625000000000001 0.1375
16 0.1296875 0.5945312500000001 0.12187500000000001 0.1234375
28 0.34375 0.584375 0.096875 0.109375
8 0.60703125 0.6171875 0.09843750000000001 0.13125
