13 0.109375 0.1421875 0.146875 0.146875
29 0.36796875 0.12890625 0.1453125 0.15781250000000002
0 0.609375 0.09062500000000001 0.07500000000000001 0.10312500000000001
2 0.878125 0.14609375 0.13125 0.1421875
23 0.11796875000000001 0.38515625000000003 0.1296875 0.1265625
33 0.37734375000000003 0.384375 0.1703125 0.171875
21 0.6046875 0.36015625 0.15000000000000002 0.15156250000000002
21 0.86484375 0.35703125 0.1078125 0.1484375
7 0.10078125 0.6125 0.09843750000000001 0.1
1 0.3828125 0.65546875 0.14375000000000002 0.1453125
4 0.6046875 0.5984375000000001 0.096875 0.115625
11 0.8578125000000001 0.6171875 0.09062500000000001 0.13125
31 0.14453125 0.8921875 0.1171875 0.13125
1 0.32890625 0.8617187500000001 0.08281250000000001 0.1046875
22 0.6359375 0.87265625 0.16562500000000002 0.1546875
34 0.83359375 0.86484375 0.11406250000000001 0.11093750000000001
