2 0.10703125000000001 0.15000000000000002 0.0890625 0.12812500000000002
20 0.35234375 0.09531250000000001 0.0859375 0.084375
6 0.6335937500000001 0.09531250000000001 0.1203125 0.140625
4 0.8703125 0.15000000000000002 0.109375 0.12812500000000002
2 0.13046875 0.32890625 0.11406250000000001 0.1203125
4 0.34687500000000004 0.34687500000000004 0.115625 0.12812500000000002
29 0.62265625 0.40859375000000003 0.1421875 0.1546875
25 0.8929687500000001 0.33203125 0.11093750000000001 0.1078125
31 0.10234375000000001 0.603125 0.11406250000000001 0.10625000000000001
14 0.36875 0.5890625 0.10312500000000001 0.12187500000000001
10 0.6195312500000001 0.609375 0.13593750000000002 0.134375
