7 0.10078125 0.13359375 0.07968750000000001 0.0921875
0 0.35859375000000004 0.11328125 0.13593750000000002 0.13593750000000002
25 0.59921875 0.11406250000000001 0.11406250000000001 0.1125
11 0.8812500000000001 0.12812500000000002 0.178125 0.178125
18 0.084375 0.34218750000000003 0.096875 0.1
2 0.34296875000000004 0.35859375000000004 0.1296875 0.1296875
1 0.6015625 0.3453125 0.08750000000000001 0.10312500000000001
18 0.86640625 0.31640625 0.0734375 0.0890625
19 0.1046875 0.5703125 0.07187500000000001 0.08125
30 0.36875 0.6125 0.096875 0.09375
26 0.6359375 0.62109375 0.16562500000000002 0.1703125
27 0.8921875 0.5953125 0.12812500000000002 0.12812500000000002
1 0.10546875 0.8828125 0.09843750000000001 0.11875000000000001
30 0.3796875 0.8359375 0.115625 0.125
27 0.6453125000000001 0.86875 0.19062500000000002 0.171875
15 0.85546875 0.8984375 0.09843750000000001 0.1
