6 0.1171875 0.07890625000000001 0.09062500000000001 0.09843750000000001
2 0.36484375 0.12734375 0.1453125 0.1484375
19 0.6109375 0.11953125 0.115625 0.1046875
27 0.8765625 0.09531250000000001 0.2 0.2
20 0.13593750000000002 0.36015625 0.153125 0.1640625
14 0.353125 0.39609375 0.09062500000000001 0.11406250000000001
21 0.6046875 0.35468750000000004 0.09375 0.109375
17 0.87109375 0.33906250000000004 0.1171875 0.1125
28 0.0921875 0.6171875 0.084375 0.1
3 0.3671875 0.6218750000000001 0.1375 0.140625
27 0.6492187500000001 0.58046875 0.1265625 0.1265625
31 0.878125 0.6101562500000001 0.15625 0.1296875
3 0.096875 0.8382812500000001 0.1 0.1296875
6 0.39375000000000004 0.81640625 0.096875 0.0921875
24 0.5796875 0.8617187500000001 0.09062500000000001 0.0921875
