23 0.10703125000000001 0.12812500000000002 0.1546875 0.153125
19 0.37812500000000004 0.10234375000000001 0.140625 0.1390625
19 0.6265625 0.08671875000000001 0.10312500000000001 0.1046875
25 0.8617187500000001 0.11328125 0.1453125 0.1453125
10 0.12187500000000001 0.39687500000000003 0.1375 0.146875
35 0.3828125 0.321875 0.12812500000000002 0.12812500000000002
34 0.60078125 0.36015625 0.0890625 0.1296875
19 0.884375 0.35859375000000004 0.14375000000000002 0.1484375
9 0.09375 0.5867187500000001 0.07500000000000001 0.1078125
5 0.35781250000000003 0.6117187500000001 0.13125 0.1421875
