11 0.1125 0.07968750000000001 0.08125 0.10625000000000001
22 0.36953125000000003 0.11406250000000001 0.1453125 0.14375000000000002
0 0.6101562500000001 0.1015625 0.0859375 0.1125
29 0.8578125000000001 0.1484375 0.15000000000000002 0.16562500000000002
9 0.1328125 0.36328125 0.16875 0.1765625
12 0.3484375 0.37265625 0.109375 0.1171875
29 0.5828125000000001 0.3484375 0.084375 0.09062500000000001
17 0.8828125 0.35703125 0.146875 0.1453125
23 0.146875 0.59375 0.1625 0.14375000000000002
7 0.3453125 0.628125 0.1 0.115625
