11 0.12421875 0.1046875 0.1390625 0.1375
25 0.35625 0.1390625 0.15937500000000002 0.15937500000000002
0 0.6015625 0.1390625 0.096875 0.11875000000000001
23 0.8929687500000001 0.12265625000000001 0.1765625 0.1765625
3 0.11796875000000001 0.35625 0.1546875 0.15937500000000002
27 0.37265625 0.3984375 0.18281250000000002 0.184375
5 0.62109375 0.3375 0.1078125 0.12812500000000002
28 0.8539062500000001 0.37031250000000004 0.1296875 0.14375000000000002
6 0.11484375000000001 0.5789062500000001 0.09531250000000001 0.1046875
2 0.37578125 0.61640625 0.1546875 0.15781250000000002
15 0.6156250000000001 0.625 0.15000000000000002 0.15000000000000002
8 0.84921875 0.57578125 0.0578125 0.08281250000000001
29 0.11875000000000001 0.8625 0.11875000000000001 0.12812500000000002
16 0.37109375 0.8640625000000001 0.1453125 0.14375000000000002
34 0.59609375 0.84375 0.1203125 0.12187500000000001
