22 0.11406250000000001 0.1125 0.109375 0.10625000000000001
2 0.36484375 0.125 0.1328125 0.153125
6 0.6062500000000001 0.14296875 0.07500000000000001 0.1234375
34 0.88984375 0.10703125000000001 0.1265625 0.1265625
14 0.09765625 0.33828125000000003 0.1046875 0.1078125
9 0.353125 0.37031250000000004 0.084375 0.10312500000000001
6 0.63671875 0.38984375000000004 0.1421875 0.13593750000000002
33 0.8734375000000001 0.3609375 0.1375 0.134375
0 0.10234375000000001 0.57421875 0.0703125 0.1015625
5 0.35859375000000004 0.59375 0.0765625 0.10312500000000001
