35 0.109375 0.1078125 0.16562500000000002 0.16875
10 0.31796875 0.10859375 0.1015625 0.1015625
23 0.5867187500000001 0.0890625 0.1203125 0.125
7 0.85703125 0.1046875 0.0671875 0.096875
35 0.1046875 0.35078125000000004 0.07500000000000001 0.0765625
0 0.39687500000000003 0.34687500000000004 0.1375 0.140625
19 0.59296875 0.33359375 0.07968750000000001 0.09843750000000001
20 0.9046875000000001 0.39140625 0.19375 0.1484375
19 0.11484375000000001 0.63046875 0.1328125 0.1296875
35 0.36484375 0.5945312500000001 0.0890625 0.09843750000000001
25 0.59765625 0.5921875 0.1234375 0.12812500000000002
