6 0.10390625 0.09843750000000001 0.1265625 0.140625
11 0.38593750000000004 0.10078125 0.14375000000000002 0.1421875
6 0.6000000000000001 0.14765625000000002 0.09375 0.1296875
27 0.878125 0.1046875 0.134375 0.134375
0 0.1296875 0.34218750000000003 0.12812500000000002 0.12187500000000001
31 0.3828125 0.37812500000000004 0.125 0.134375
31 0.6140625000000001 0.33828125000000003 0.1125 0.1234375
19 0.8484375000000001 0.35078125000000004 0.096875 0.1453125
17 0.1375 0.6375000000000001 0.19687500000000002 0.19687500000000002
22 0.3765625 0.6609375000000001 0.19687500000000002 0.19375
8 0.5921875 0.61875 0.12812500000000002 0.12812500000000002
27 0.8773437500000001 0.6156250000000001 0.1421875 0.140625
17 0.1015625 0.853125 0.09062500000000001 0.10625000000000001
2 0.359375 0.8421875000000001 0.109375 0.11875000000000001
34 0.57265625 0.8539062500000001 0.09843750000000001 0.09843750000000001
