7 0.1171875 0.11093750000000001 0.14375000000000002 0.134375
27 0.3953125 0.12187500000000001 0.1875 0.1875
6 0.62890625 0.13046875 0.15781250000000002 0.1640625
9 0.8382812500000001 0.13984375000000002 0.15781250000000002 0.1609375
1 0.1 0.35625 0.109375 0.115625
7 0.34296875000000004 0.35625 0.0546875 0.078125
0 0.6023437500000001 0.36796875 0.1421875 0.15781250000000002
17 0.86875 0.33906250000000004 0.10312500000000001 0.1125
8 0.07187500000000001 0.6125 0.1 0.1
23 0.37343750000000003 0.59609375 0.11875000000000001 0.1203125
6 0.6218750000000001 0.5828125000000001 0.084375 0.10312500000000001
22 0.8757812500000001 0.640625 0.15781250000000002 0.15937500000000002
3 0.10859375 0.8484375000000001 0.09531250000000001 0.109375
