7 0.07890625000000001 0.09531250000000001 0.0890625 0.09062500000000001
0 0.37890625 0.08046875 0.0921875 0.1015625
10 0.6140625000000001 0.13671875 0.178125 0.1796875
16 0.8367187500000001 0.1125 0.1203125 0.11875000000000001
11 0.12187500000000001 0.37812500000000004 0.11875000000000001 0.13125
25 0.36171875000000003 0.39687500000000003 0.1703125 0.171875
6 0.6265625 0.3796875 0.125 0.15000000000000002
17 0.8859375 0.34921875 0.15937500000000002 0.1265625
28 0.10234375000000001 0.62890625 0.1015625 0.1046875
33 0.36484375 0.5953125 0.13593750000000002 0.13125
32 0.640625 0.5890625 0.15937500000000002 0.12187500000000001
21 0.84375 0.628125 0.08750000000000001 0.12187500000000001
8 0.09843750000000001 0.8703125 0.06875 0.09062500000000001
13 0.37734375000000003 0.8617187500000001 0.1328125 0.1453125
12 0.5921875 0.86640625 0.084375 0.1015625
6 0.8671875 0.85859375 0.115625 0.1421875
