25 0.10625000000000001 0.11406250000000001 0.08750000000000001 0.10312500000000001
21 0.3375 0.08750000000000001 0.13125 0.125
6 0.609375 0.11640625 0.1625 0.15156250000000002
16 0.85859375 0.11640625 0.13593750000000002 0.1453125
11 0.12812500000000002 0.35468750000000004 0.134375 0.13125
28 0.37421875000000004 0.38593750000000004 0.1609375 0.15937500000000002
16 0.6414062500000001 0.36875 0.19843750000000002 0.19687500000000002
15 0.8625 0.38125000000000003 0.134375 0.146875
35 0.09921875000000001 0.625 0.11093750000000001 0.109375
5 0.38203125000000004 0.66171875 0.1296875 0.1453125
7 0.62265625 0.640625 0.1453125 0.16562500000000002
26 0.8546875 0.57734375 0.115625 0.1234375
2 0.11015625000000001 0.88828125 0.13593750000000002 0.1328125
15 0.3640625 0.8562500000000001 0.11875000000000001 0.125
32 0.6109375 0.84296875 0.096875 0.09531250000000001
