32 0.1234375 0.1 0.17500000000000002 0.15937500000000002
2 0.3671875 0.08046875 0.10312500000000001 0.11406250000000001
11 0.625 0.09765625 0.11875000000000001 0.1203125
16 0.87421875 0.1171875 0.13593750000000002 0.134375
3 0.140625 0.38593750000000004 0.16875 0.1625
31 0.38125000000000003 0.359375 0.1375 0.14375000000000002
19 0.6218750000000001 0.37812500000000004 0.15937500000000002 0.15000000000000002
2 0.8875000000000001 0.33906250000000004 0.140625 0.140625
10 0.1171875 0.63046875 0.15625 0.1484375
11 0.384375 0.5734375 0.1 0.096875
6 0.60703125 0.6101562500000001 0.07968750000000001 0.1046875
33 0.85546875 0.6156250000000001 0.09843750000000001 0.09375
8 0.09062500000000001 0.87421875 0.065625 0.0921875
6 0.36953125000000003 0.85546875 0.1265625 0.1546875
25 0.628125 0.83984375 0.125 0.1234375
20 0.8929687500000001 0.8601562500000001 0.18906250000000002 0.1953125
