27 0.11406250000000001 0.09296875 0.11875000000000001 0.1234375
7 0.35234375 0.109375 0.1296875 0.146875
0 0.565625 0.09921875000000001 0.09375 0.09531250000000001
19 0.85859375 0.13515625 0.11093750000000001 0.1046875
35 0.1203125 0.37421875000000004 0.134375 0.1421875
5 0.384375 0.3375 0.14375000000000002 0.14375000000000002
11 0.628125 0.38203125000000004 0.146875 0.1546875
16 0.87421875 0.35859375000000004 0.11406250000000001 0.1296875
23 0.11640625 0.6062500000000001 0.17343750000000002 0.171875
19 0.35625 0.65 0.10625000000000001 0.115625
28 0.60078125 0.60546875 0.0671875 0.08281250000000001
1 0.8796875000000001 0.59140625 0.084375 0.1296875
3 0.08515625 0.8656250000000001 0.09843750000000001 0.109375
27 0.3796875 0.84140625 0.125 0.1390625
