27 0.09296875 0.1234375 0.09843750000000001 0.1
19 0.36640625000000004 0.07187500000000001 0.09531250000000001 0.1
21 0.596875 0.12421875 0.10625000000000001 0.1078125
11 0.8578125000000001 0.10546875 0.15937500000000002 0.15781250000000002
31 0.11484375000000001 0.38203125000000004 0.1484375 0.1453125
11 0.3484375 0.3671875 0.09375 0.1
3 0.6234375000000001 0.39609375 0.115625 0.1234375
28 0.85078125 0.37890625 0.1296875 0.1296875
5 0.12578125 0.5890625 0.1234375 0.12187500000000001
10 0.35390625000000003 0.6273437500000001 0.1421875 0.1390625
16 0.6179687500000001 0.61875 0.1234375 0.12187500000000001
16 0.8734375000000001 0.62421875 0.140625 0.1390625
8 0.11875000000000001 0.87109375 0.09375 0.1328125
