18 0.1015625 0.1625 0.084375 0.07187500000000001
3 0.38593750000000004 0.07187500000000001 0.096875 0.08750000000000001
13 0.628125 0.08671875000000001 0.125 0.1234375
32 0.8500000000000001 0.10312500000000001 0.14375000000000002 0.14375000000000002
29 0.11171875 0.39375000000000004 0.11093750000000001 0.109375
17 0.3765625 0.36562500000000003 0.146875 0.1375
28 0.6265625 0.3453125 0.11875000000000001 0.13125
0 0.85859375 0.3671875 0.11093750000000001 0.115625
35 0.09765625 0.5953125 0.0890625 0.09062500000000001
33 0.325 0.59609375 0.13125 0.1328125
13 0.62265625 0.62890625 0.1328125 0.1453125
4 0.8625 0.59375 0.1125 0.12187500000000001
13 0.12890625 0.88984375 0.1453125 0.1421875
