19 0.1078125 0.11796875000000001 0.10625000000000001 0.15156250000000002
3 0.371875 0.08515625 0.10312500000000001 0.1015625
10 0.62265625 0.14296875 0.1265625 0.1328125
33 0.8500000000000001 0.1234375 0.08750000000000001 0.109375
20 0.11484375000000001 0.36562500000000003 0.1265625 0.13125
30 0.3484375 0.32109375 0.115625 0.1015625
11 0.59140625 0.32343750000000004 0.0859375 0.1
23 0.8929687500000001 0.37578125 0.1796875 0.1765625
5 0.08984375 0.6234375000000001 0.1234375 0.11875000000000001
16 0.37109375 0.6390625000000001 0.1296875 0.12812500000000002
1 0.6039062500000001 0.6171875 0.11406250000000001 0.12187500000000001
1 0.8890625000000001 0.61328125 0.134375 0.1296875
3 0.1265625 0.88984375 0.140625 0.1421875
6 0.36250000000000004 0.853125 0.13125 0.134375
28 0.60546875 0.86328125 0.11093750000000001 0.1390625
20 0.83515625 0.8703125 0.09843750000000001 0.10312500000000001
