11 0.1078125 0.10546875 0.09062500000000001 0.1078125
35 0.37890625 0.084375 0.1171875 0.11875000000000001
33 0.6046875 0.10312500000000001 0.134375 0.134375
29 0.89765625 0.12734375 0.1640625 0.1765625
6 0.109375 0.36328125 0.10625000000000001 0.13593750000000002
2 0.37109375 0.32421875 0.1046875 0.11406250000000001
34 0.65234375 0.37578125 0.1703125 0.17343750000000002
19 0.84765625 0.3671875 0.09843750000000001 0.1375
14 0.09765625 0.6218750000000001 0.11406250000000001 0.12812500000000002
16 0.35234375 0.6140625000000001 0.1296875 0.12187500000000001
35 0.6078125000000001 0.5859375 0.09375 0.096875
