27 0.15937500000000002 0.14375000000000002 0.178125 0.178125
15 0.38203125000000004 0.06328125 0.11093750000000001 0.11406250000000001
29 0.58203125 0.1078125 0.11093750000000001 0.109375
33 0.859375 0.12812500000000002 0.15937500000000002 0.1625
29 0.11953125 0.35390625000000003 0.1453125 0.1484375
34 0.33828125000000003 0.375 0.0921875 0.09375
19 0.6484375 0.33828125000000003 0.11875000000000001 0.1171875
18 0.8460937500000001 0.3640625 0.1015625 0.10312500000000001
33 0.09531250000000001 0.61328125 0.10625000000000001 0.1046875
2 0.36562500000000003 0.5875 0.109375 0.1125
3 0.5953125 0.57265625 0.065625 0.09531250000000001
