18 0.11406250000000001 0.10078125 0.11875000000000001 0.1234375
3 0.36796875 0.10859375 0.17343750000000002 0.18281250000000002
34 0.609375 0.12187500000000001 0.109375 0.109375
9 0.87890625 0.11484375000000001 0.16718750000000002 0.16718750000000002
7 0.13984375000000002 0.33203125 0.1171875 0.1234375
21 0.36015625 0.36250000000000004 0.1546875 0.15000000000000002
7 0.6195312500000001 0.32265625000000003 0.08281250000000001 0.09843750000000001
4 0.87109375 0.39921875 0.1203125 0.13593750000000002
21 0.06796875000000001 0.6125 0.1015625 0.096875
10 0.36640625000000004 0.65 0.1640625 0.15937500000000002
11 0.59765625 0.6101562500000001 0.0703125 0.0765625
31 0.853125 0.57734375 0.10312500000000001 0.11093750000000001
5 0.11796875000000001 0.9125000000000001 0.11406250000000001 0.153125
29 0.35546875 0.8390625 0.0859375 0.10312500000000001
29 0.58203125 0.8609375 0.1328125 0.13125
