15 0.09531250000000001 0.12578125 0.09375 0.09843750000000001
18 0.340625 0.10234375000000001 0.053125000000000006 0.09531250000000001
27 0.59921875 0.09140625000000001 0.06406250000000001 0.11406250000000001
4 0.8656250000000001 0.1 0.10312500000000001 0.12812500000000002
19 0.06875 0.37890625 0.10312500000000001 0.09531250000000001
29 0.34765625 0.34296875000000004 0.11406250000000001 0.1296875
10 0.61640625 0.32656250000000003 0.1046875 0.1
5 0.8890625000000001 0.32421875 0.1125 0.11406250000000001
35 0.10859375 0.60703125 0.16718750000000002 0.1765625
14 0.35078125000000004 0.6117187500000001 0.1203125 0.1234375
13 0.6125 0.6117187500000001 0.14375000000000002 0.1453125
