4 0.12578125 0.14921875 0.1328125 0.1484375
23 0.3984375 0.13125 0.1875 0.184375
15 0.6062500000000001 0.09531250000000001 0.125 0.13125
16 0.8500000000000001 0.12265625000000001 0.08125 0.1265625
9 0.13828125 0.34765625 0.1328125 0.1390625
35 0.35546875 0.36484375 0.1078125 0.1234375
16 0.61484375 0.38906250000000003 0.1296875 0.178125
24 0.8515625 0.38046875 0.15625 0.15781250000000002
14 0.1125 0.6203125 0.13125 0.125
5 0.36953125000000003 0.6484375 0.1265625 0.15937500000000002
8 0.62421875 0.5945312500000001 0.1171875 0.13593750000000002
