16 0.10625000000000001 0.09140625000000001 0.134375 0.13593750000000002
13 0.36484375 0.12812500000000002 0.13593750000000002 0.134375
11 0.61328125 0.08828125 0.08281250000000001 0.1078125
25 0.8421875000000001 0.1015625 0.13125 0.13125
3 0.10312500000000001 0.39296875000000003 0.096875 0.1265625
0 0.3609375 0.3671875 0.140625 0.15000000000000002
0 0.6265625 0.39296875000000003 0.12187500000000001 0.1296875
10 0.8523437500000001 0.35468750000000004 0.13593750000000002 0.134375
13 0.10546875 0.5765625 0.0765625 0.09375
19 0.3921875 0.58203125 0.125 0.1234375
18 0.59609375 0.5867187500000001 0.0734375 0.09843750000000001
8 0.8609375 0.58125 0.09375 0.10312500000000001
8 0.1046875 0.8796875000000001 0.11875000000000001 0.1125
24 0.35781250000000003 0.86640625 0.1 0.1078125
