0 0.09921875000000001 0.11328125 0.0890625 0.11093750000000001
20 0.40234375 0.09609375 0.1484375 0.1484375
9 0.58984375 0.13359375 0.16718750000000002 0.15781250000000002
27 0.83984375 0.09921875000000001 0.1265625 0.1265625
11 0.0921875 0.38515625000000003 0.12812500000000002 0.13593750000000002
13 0.35625 0.38046875 0.13125 0.13593750000000002
21 0.6140625000000001 0.390625 0.11875000000000001 0.12812500000000002
21 0.8625 0.33437500000000003 0.10312500000000001 0.10625000000000001
25 0.11640625 0.6117187500000001 0.1203125 0.1234375
15 0.35078125000000004 0.6140625000000001 0.1171875 0.125
30 0.6156250000000001 0.58984375 0.1 0.1046875
19 0.8562500000000001 0.63046875 0.078125 0.1421875
12 0.115625 0.8546875 0.16562500000000002 0.16562500000000002
