23 0.134375 0.11171875 0.16875 0.16718750000000002
31 0.37343750000000003 0.134375 0.171875 0.171875
25 0.5953125 0.10546875 0.12187500000000001 0.1265625
16 0.8601562500000001 0.11171875 0.0921875 0.1046875
24 0.12890625 0.3609375 0.1609375 0.15937500000000002
1 0.36562500000000003 0.38125000000000003 0.078125 0.11875000000000001
11 0.58046875 0.3484375 0.0734375 0.09375
26 0.8671875 0.41015625 0.203125 0.21406250000000002
26 0.12421875 0.6335937500000001 0.1234375 0.1265625
3 0.34921875 0.6179687500000001 0.11093750000000001 0.1203125
33 0.63046875 0.6296875000000001 0.1765625 0.17500000000000002
28 0.88828125 0.625 0.1546875 0.171875
15 0.10234375000000001 0.85546875 0.1171875 0.13593750000000002
33 0.36562500000000003 0.86875 0.12187500000000001 0.115625
9 0.6039062500000001 0.83203125 0.08281250000000001 0.09843750000000001
13 0.853125 0.85859375 0.084375 0.07968750000000001
