35 0.1328125 0.1546875 0.13125 0.140625
21 0.37343750000000003 0.1078125 0.14375000000000002 0.14375000000000002
13 0.65546875 0.078125 0.1171875 0.115625
33 0.9 0.0765625 0.12812500000000002 0.12812500000000002
21 0.1234375 0.3953125 0.18125000000000002 0.16875
19 0.35390625000000003 0.35000000000000003 0.1046875 0.10625000000000001
19 0.58046875 0.34453125 0.1296875 0.1296875
16 0.909375 0.40625 0.184375 0.171875
3 0.10546875 0.6023437500000001 0.1046875 0.1265625
15 0.37109375 0.63203125 0.1328125 0.1390625
2 0.6000000000000001 0.6046875 0.096875 0.115625
28 0.89375 0.5710937500000001 0.125 0.1265625
29 0.11093750000000001 0.8757812500000001 0.153125 0.15156250000000002
29 0.37890625 0.8851562500000001 0.09531250000000001 0.11406250000000001
6 0.6179687500000001 0.84375 0.1078125 0.140625
20 0.8796875000000001 0.8601562500000001 0.1875 0.1859375
