27 0.13203125000000002 0.11171875 0.1296875 0.1390625
9 0.32734375000000004 0.07109375 0.0703125 0.0859375
9 0.6179687500000001 0.12578125 0.0671875 0.11406250000000001
8 0.8539062500000001 0.13828125 0.0890625 0.0921875
17 0.16796875 0.38203125000000004 0.20468750000000002 0.20468750000000002
3 0.36953125000000003 0.35546875 0.1296875 0.1390625
31 0.6000000000000001 0.37890625 0.15000000000000002 0.15156250000000002
6 0.8609375 0.32343750000000004 0.09375 0.10625000000000001
13 0.11328125 0.640625 0.1546875 0.1625
5 0.38671875 0.58828125 0.1234375 0.1203125
28 0.6257812500000001 0.6023437500000001 0.1265625 0.1265625
