15 0.1046875 0.11875000000000001 0.134375 0.12812500000000002
6 0.35234375 0.1546875 0.0765625 0.115625
6 0.603125 0.08203125 0.08125 0.1078125
23 0.878125 0.12265625000000001 0.15625 0.1546875
9 0.11796875000000001 0.35468750000000004 0.0890625 0.12187500000000001
13 0.38593750000000004 0.34296875000000004 0.115625 0.11093750000000001
35 0.6078125000000001 0.40546875000000004 0.096875 0.09531250000000001
5 0.8625 0.36015625 0.140625 0.15781250000000002
6 0.14609375 0.609375 0.1453125 0.15625
3 0.36562500000000003 0.6117187500000001 0.109375 0.1390625
28 0.6023437500000001 0.62109375 0.0921875 0.1078125
