16 0.11015625000000001 0.10078125 0.07968750000000001 0.0921875
7 0.353125 0.1125 0.09375 0.10312500000000001
11 0.6039062500000001 0.10390625 0.1078125 0.11406250000000001
9 0.859375 0.1015625 0.15625 0.15625
11 0.11484375000000001 0.40234375 0.09531250000000001 0.1390625
6 0.34609375000000003 0.36875 0.11406250000000001 0.11875000000000001
5 0.6078125000000001 0.36015625 0.134375 0.1390625
7 0.8703125 0.38906250000000003 0.146875 0.15000000000000002
10 0.11171875 0.6015625 0.1015625 0.109375
2 0.36640625000000004 0.6156250000000001 0.1765625 0.178125
3 0.6062500000000001 0.61640625 0.1125 0.1484375
4 0.86640625 0.58046875 0.09531250000000001 0.11093750000000001
32 0.09921875000000001 0.8703125 0.1453125 0.146875
2 0.32421875 0.83203125 0.07968750000000001 0.0921875
22 0.60703125 0.8625 0.1234375 0.125
