10 0.1 0.1046875 0.109375 0.10625000000000001
1 0.38671875 0.08828125 0.1078125 0.1234375
7 0.6179687500000001 0.1328125 0.1484375 0.14375000000000002
9 0.85546875 0.13359375 0.1078125 0.1390625
14 0.115625 0.3640625 0.115625 0.11875000000000001
24 0.3796875 0.36796875 0.15937500000000002 0.1609375
33 0.59296875 0.36875 0.07968750000000001 0.096875
25 0.8546875 0.34765625 0.09375 0.09531250000000001
27 0.09140625000000001 0.6015625 0.1203125 0.11875000000000001
18 0.3765625 0.6273437500000001 0.15000000000000002 0.15156250000000002
33 0.6156250000000001 0.6429687500000001 0.1125 0.1078125
27 0.8562500000000001 0.5593750000000001 0.0625 0.09375
