21 0.12187500000000001 0.13515625 0.140625 0.1453125
19 0.3484375 0.15234375 0.09375 0.1171875
10 0.634375 0.096875 0.146875 0.146875
19 0.853125 0.1265625 0.08125 0.084375
24 0.12890625 0.36640625000000004 0.1765625 0.1765625
27 0.34375 0.3796875 0.06875 0.10312500000000001
27 0.61640625 0.39921875 0.1234375 0.1171875
23 0.8773437500000001 0.41718750000000004 0.22031250000000002 0.209375
1 0.12734375 0.59296875 0.11406250000000001 0.1171875
16 0.34687500000000004 0.60859375 0.10312500000000001 0.1046875
3 0.6203125 0.59765625 0.12812500000000002 0.1453125
28 0.8718750000000001 0.58125 0.109375 0.1125
12 0.09609375 0.8656250000000001 0.0765625 0.08750000000000001
30 0.40859375000000003 0.8812500000000001 0.1859375 0.1875
2 0.6171875 0.8773437500000001 0.14375000000000002 0.1453125
