27 0.09453125000000001 0.09140625000000001 0.0921875 0.1015625
8 0.39140625 0.140625 0.1484375 0.15625
33 0.6078125000000001 0.07734375 0.09062500000000001 0.1015625
4 0.8703125 0.12265625000000001 0.1625 0.16718750000000002
4 0.09375 0.36484375 0.06875 0.0921875
23 0.38984375000000004 0.3671875 0.1703125 0.16562500000000002
35 0.61640625 0.37812500000000004 0.09843750000000001 0.12187500000000001
21 0.8460937500000001 0.36171875000000003 0.1421875 0.1453125
2 0.08984375 0.625 0.0921875 0.10625000000000001
10 0.37734375000000003 0.57734375 0.1234375 0.1265625
10 0.59921875 0.57734375 0.08281250000000001 0.0734375
1 0.8187500000000001 0.58515625 0.059375000000000004 0.0890625
16 0.15078125 0.8796875000000001 0.19843750000000002 0.19687500000000002
24 0.34218750000000003 0.8382812500000001 0.11875000000000001 0.1234375
33 0.6125 0.8671875 0.140625 0.140625
