17 0.15156250000000002 0.08984375 0.134375 0.13593750000000002
18 0.33203125 0.0921875 0.026562500000000003 0.109375
2 0.6257812500000001 0.14921875 0.1203125 0.1390625
11 0.8445312500000001 0.1078125 0.13593750000000002 0.134375
11 0.11796875000000001 0.38203125000000004 0.1203125 0.1265625
8 0.35390625000000003 0.37812500000000004 0.07968750000000001 0.10312500000000001
26 0.6179687500000001 0.33671875 0.11093750000000001 0.11406250000000001
19 0.8515625 0.36640625000000004 0.14375000000000002 0.1609375
10 0.11015625000000001 0.603125 0.11406250000000001 0.11875000000000001
1 0.35234375 0.6062500000000001 0.0859375 0.1125
10 0.60703125 0.62265625 0.09843750000000001 0.1015625
22 0.84140625 0.6140625000000001 0.1265625 0.12812500000000002
8 0.14140625 0.81171875 0.0890625 0.0859375
2 0.38046875 0.9140625 0.1453125 0.16562500000000002
