6 0.109375 0.1265625 0.08750000000000001 0.109375
35 0.38593750000000004 0.15156250000000002 0.153125 0.153125
14 0.6218750000000001 0.13515625 0.1375 0.13593750000000002
25 0.8617187500000001 0.08281250000000001 0.0921875 0.1
35 0.1078125 0.371875 0.12187500000000001 0.12812500000000002
11 0.36484375 0.39296875000000003 0.1171875 0.1328125
0 0.5945312500000001 0.37734375000000003 0.11406250000000001 0.1296875
33 0.8757812500000001 0.37890625 0.1546875 0.1546875
5 0.10859375 0.6351562500000001 0.1015625 0.1078125
31 0.35625 0.6335937500000001 0.109375 0.1078125
35 0.6078125000000001 0.6234375000000001 0.15937500000000002 0.153125
15 0.84375 0.6000000000000001 0.1375 0.1375
5 0.10078125 0.86875 0.07968750000000001 0.115625
26 0.35781250000000003 0.8859375 0.09375 0.146875
33 0.61484375 0.8367187500000001 0.09843750000000001 0.09843750000000001
