0 0.11875000000000001 0.13515625 0.11875000000000001 0.13593750000000002
23 0.36640625000000004 0.15625 0.1921875 0.19375
23 0.6171875 0.1265625 0.15000000000000002 0.146875
20 0.8812500000000001 0.11875000000000001 0.18125000000000002 0.178125
14 0.1046875 0.3984375 0.125 0.12812500000000002
25 0.35390625000000003 0.37343750000000003 0.1171875 0.115625
7 0.60078125 0.33984375 0.09531250000000001 0.1171875
23 0.8539062500000001 0.38125000000000003 0.1015625 0.115625
0 0.1171875 0.63203125 0.1125 0.1328125
31 0.36484375 0.6273437500000001 0.15156250000000002 0.1484375
33 0.6109375 0.6023437500000001 0.115625 0.1234375
23 0.9031250000000001 0.5921875 0.134375 0.1375
30 0.12109375 0.8671875 0.1046875 0.134375
24 0.3484375 0.88203125 0.14375000000000002 0.1421875
