7 0.1390625 0.10312500000000001 0.10312500000000001 0.12812500000000002
11 0.35234375 0.13593750000000002 0.1015625 0.10312500000000001
23 0.6117187500000001 0.13828125 0.1171875 0.1171875
25 0.859375 0.15000000000000002 0.084375 0.125
6 0.10390625 0.3375 0.07968750000000001 0.1125
18 0.35703125 0.3328125 0.08281250000000001 0.09062500000000001
24 0.6218750000000001 0.39453125 0.13125 0.1328125
14 0.85859375 0.39140625 0.1046875 0.1046875
23 0.12187500000000001 0.60859375 0.153125 0.15156250000000002
4 0.40078125000000003 0.5640625 0.0921875 0.09062500000000001
4 0.60703125 0.5984375000000001 0.1078125 0.10625000000000001
2 0.86484375 0.6179687500000001 0.1421875 0.1640625
3 0.09375 0.8421875000000001 0.07500000000000001 0.09375
24 0.40703125 0.8914062500000001 0.1796875 0.18281250000000002
25 0.60859375 0.8546875 0.1015625 0.1
4 0.88046875 0.8656250000000001 0.1421875 0.140625
