34 0.12187500000000001 0.12187500000000001 0.15937500000000002 0.1625
13 0.35546875 0.096875 0.17343750000000002 0.171875
2 0.59375 0.12109375 0.08750000000000001 0.1078125
13 0.8835937500000001 0.12265625000000001 0.1640625 0.1640625
10 0.12265625000000001 0.3671875 0.1609375 0.1625
31 0.3609375 0.39375000000000004 0.1125 0.1125
6 0.6195312500000001 0.34609375000000003 0.1078125 0.1046875
17 0.8390625 0.38359375 0.134375 0.1296875
31 0.10312500000000001 0.6273437500000001 0.146875 0.1453125
7 0.36953125000000003 0.625 0.1328125 0.1375
23 0.6015625 0.6296875000000001 0.125 0.125
21 0.85078125 0.6265625 0.1296875 0.13125
22 0.140625 0.8695312500000001 0.171875 0.1703125
8 0.33515625000000004 0.8718750000000001 0.0890625 0.096875
34 0.6257812500000001 0.8390625 0.1390625 0.14375000000000002
