11 0.1046875 0.11406250000000001 0.125 0.125
35 0.35390625000000003 0.10703125000000001 0.11093750000000001 0.11406250000000001
14 0.61640625 0.1171875 0.1078125 0.13125
10 0.875 0.1375 0.146875 0.15000000000000002
23 0.13359375 0.3921875 0.1453125 0.153125
1 0.375 0.3296875 0.1 0.1125
14 0.6109375 0.384375 0.12187500000000001 0.146875
7 0.85546875 0.36640625000000004 0.09843750000000001 0.1265625
35 0.0859375 0.5828125000000001 0.1 0.1125
1 0.35703125 0.6312500000000001 0.09843750000000001 0.1375
11 0.6359375 0.65234375 0.12812500000000002 0.1453125
35 0.85078125 0.63046875 0.0921875 0.09531250000000001
4 0.1171875 0.86328125 0.14375000000000002 0.1484375
20 0.34140625 0.8546875 0.1453125 0.146875
4 0.6375000000000001 0.9031250000000001 0.15625 0.153125
21 0.8500000000000001 0.8773437500000001 0.1125 0.1171875
