6 0.07187500000000001 0.10234375000000001 0.10312500000000001 0.1078125
25 0.35000000000000003 0.08984375 0.06875 0.1171875
9 0.59296875 0.07890625000000001 0.09531250000000001 0.11406250000000001
14 0.8484375000000001 0.13203125000000002 0.125 0.1234375
3 0.11484375000000001 0.3796875 0.1453125 0.15937500000000002
8 0.34921875 0.34453125 0.1046875 0.1265625
31 0.62421875 0.36562500000000003 0.1390625 0.1375
18 0.8656250000000001 0.36875 0.134375 0.13125
8 0.1265625 0.65 0.1125 0.1375
13 0.36562500000000003 0.6140625000000001 0.11875000000000001 0.125
17 0.6273437500000001 0.62109375 0.13593750000000002 0.15781250000000002
10 0.8625 0.6046875 0.12812500000000002 0.125
17 0.15156250000000002 0.8695312500000001 0.19375 0.1859375
8 0.34140625 0.8609375 0.07968750000000001 0.096875
32 0.6265625 0.83515625 0.11875000000000001 0.11093750000000001
