19 0.09062500000000001 0.10546875 0.115625 0.11093750000000001
20 0.34453125 0.08515625 0.1390625 0.1296875
9 0.61875 0.12578125 0.1125 0.1328125
13 0.8835937500000001 0.1453125 0.15156250000000002 0.15000000000000002
7 0.08125 0.37265625 0.115625 0.11093750000000001
5 0.33984375 0.36328125 0.1328125 0.1296875
14 0.6046875 0.32890625 0.07500000000000001 0.08281250000000001
17 0.8625 0.34921875 0.09375 0.1078125
21 0.11171875 0.63828125 0.1203125 0.1296875
17 0.37812500000000004 0.58359375 0.11875000000000001 0.1296875
17 0.63828125 0.6234375000000001 0.1765625 0.178125
9 0.8578125000000001 0.6000000000000001 0.125 0.1125
26 0.11796875000000001 0.8812500000000001 0.1703125 0.178125
8 0.35390625000000003 0.8515625 0.08281250000000001 0.1
31 0.62265625 0.890625 0.1453125 0.1125
10 0.85859375 0.84921875 0.09531250000000001 0.09531250000000001
