2 0.11328125 0.08671875000000001 0.1046875 0.1171875
17 0.3953125 0.1 0.15000000000000002 0.15000000000000002
9 0.60078125 0.1171875 0.06406250000000001 0.09062500000000001
34 0.89609375 0.1421875 0.1234375 0.1375
16 0.1171875 0.390625 0.16562500000000002 0.16562500000000002
25 0.33984375 0.37109375 0.1171875 0.1171875
16 0.60546875 0.33828125000000003 0.0890625 0.13593750000000002
2 0.8539062500000001 0.3828125 0.1015625 0.134375
6 0.10703125000000001 0.59921875 0.08281250000000001 0.1265625
30 0.36015625 0.60703125 0.09531250000000001 0.11093750000000001
16 0.6140625000000001 0.625 0.1125 0.115625
15 0.8625 0.6125 0.10625000000000001 0.1125
11 0.11875000000000001 0.86328125 0.16562500000000002 0.1640625
6 0.35000000000000003 0.8484375000000001 0.08750000000000001 0.096875
34 0.62109375 0.8851562500000001 0.1296875 0.1484375
