26 0.09609375 0.14140625 0.1203125 0.15156250000000002
2 0.3453125 0.109375 0.115625 0.125
18 0.5953125 0.13359375 0.07187500000000001 0.09843750000000001
3 0.8523437500000001 0.11796875000000001 0.0921875 0.13593750000000002
19 0.12187500000000001 0.35546875 0.15625 0.1765625
4 0.35390625000000003 0.35390625000000003 0.1046875 0.1234375
6 0.61484375 0.3671875 0.11093750000000001 0.11875000000000001
13 0.8679687500000001 0.34765625 0.1234375 0.1265625
23 0.13984375000000002 0.61640625 0.1453125 0.1390625
3 0.3484375 0.6078125000000001 0.09062500000000001 0.115625
