23 0.11406250000000001 0.11093750000000001 0.10312500000000001 0.12187500000000001
27 0.3484375 0.134375 0.10625000000000001 0.10625000000000001
4 0.60859375 0.12578125 0.0890625 0.11406250000000001
14 0.87109375 0.15078125 0.1546875 0.1609375
33 0.115625 0.3609375 0.171875 0.171875
35 0.36328125 0.34609375000000003 0.1296875 0.13593750000000002
14 0.6101562500000001 0.36875 0.1484375 0.153125
2 0.83203125 0.36640625000000004 0.0890625 0.0921875
33 0.140625 0.6000000000000001 0.15625 0.15625
19 0.3453125 0.65234375 0.125 0.1609375
31 0.65390625 0.64375 0.1859375 0.18125000000000002
24 0.853125 0.6023437500000001 0.109375 0.11093750000000001
