11 0.11875000000000001 0.0859375 0.1125 0.109375
14 0.36875 0.07265625 0.1 0.1015625
3 0.58828125 0.1125 0.0890625 0.10625000000000001
11 0.8765625 0.13359375 0.11875000000000001 0.1328125
14 0.1046875 0.35703125 0.134375 0.1390625
32 0.37421875000000004 0.37109375 0.1546875 0.1546875
20 0.6351562500000001 0.3640625 0.1390625 0.15000000000000002
4 0.8546875 0.353125 0.115625 0.109375
3 0.084375 0.64765625 0.14375000000000002 0.1484375
10 0.37265625 0.60546875 0.1453125 0.1484375
6 0.6046875 0.61875 0.08125 0.10312500000000001
