15 0.11953125 0.1234375 0.13593750000000002 0.125
32 0.3515625 0.11015625000000001 0.1375 0.13593750000000002
20 0.6429687500000001 0.08359375000000001 0.1421875 0.1390625
20 0.8953125000000001 0.06796875000000001 0.12187500000000001 0.1234375
21 0.10859375 0.34296875000000004 0.09531250000000001 0.09531250000000001
9 0.35546875 0.353125 0.07968750000000001 0.09375
35 0.60078125 0.38515625000000003 0.0921875 0.09531250000000001
23 0.9148437500000001 0.37031250000000004 0.2015625 0.21250000000000002
11 0.146875 0.6453125000000001 0.16562500000000002 0.171875
6 0.34218750000000003 0.628125 0.07500000000000001 0.1
0 0.584375 0.5890625 0.084375 0.1
24 0.88828125 0.6078125000000001 0.17343750000000002 0.178125
