30 0.0859375 0.1078125 0.109375 0.1125
3 0.35625 0.10234375000000001 0.10312500000000001 0.1234375
32 0.640625 0.14765625000000002 0.15625 0.11093750000000001
20 0.86640625 0.12734375 0.1078125 0.1046875
29 0.12265625000000001 0.3515625 0.11093750000000001 0.109375
34 0.37890625 0.34453125 0.1234375 0.13593750000000002
34 0.63984375 0.40390625 0.1796875 0.18281250000000002
19 0.8734375000000001 0.40468750000000003 0.140625 0.140625
14 0.12578125 0.62109375 0.11406250000000001 0.1453125
27 0.36640625000000004 0.60078125 0.1171875 0.1171875
