19 0.09843750000000001 0.1125 0.146875 0.140625
7 0.3765625 0.125 0.11875000000000001 0.11875000000000001
2 0.59140625 0.11484375000000001 0.1046875 0.1203125
19 0.8617187500000001 0.115625 0.1609375 0.1625
21 0.10078125 0.353125 0.06406250000000001 0.09375
16 0.3796875 0.31953125000000004 0.109375 0.11406250000000001
7 0.603125 0.33203125 0.084375 0.1015625
15 0.8703125 0.340625 0.10312500000000001 0.109375
27 0.140625 0.62109375 0.18125000000000002 0.18281250000000002
33 0.32734375000000004 0.5953125 0.0859375 0.08750000000000001
17 0.59375 0.61328125 0.115625 0.11406250000000001
30 0.86640625 0.6257812500000001 0.1328125 0.1328125
29 0.09765625 0.88984375 0.1078125 0.1203125
4 0.34609375000000003 0.88984375 0.1265625 0.1296875
11 0.59296875 0.8757812500000001 0.0765625 0.09843750000000001
1 0.8609375 0.9078125 0.1 0.140625
