29 0.12734375 0.09375 0.1046875 0.115625
32 0.37109375 0.12812500000000002 0.1640625 0.15937500000000002
1 0.5921875 0.10625000000000001 0.09062500000000001 0.115625
3 0.8703125 0.10546875 0.15937500000000002 0.1640625
17 0.13203125000000002 0.35468750000000004 0.1390625 0.134375
7 0.359375 0.37343750000000003 0.1125 0.140625
19 0.6062500000000001 0.36328125 0.15000000000000002 0.1484375
14 0.86640625 0.359375 0.1546875 0.15625
18 0.109375 0.5859375 0.109375 0.115625
11 0.353125 0.6312500000000001 0.115625 0.11875000000000001
27 0.59375 0.634375 0.084375 0.096875
28 0.853125 0.61640625 0.134375 0.1328125
21 0.10078125 0.86328125 0.08281250000000001 0.0859375
9 0.34218750000000003 0.8718750000000001 0.1125 0.125
27 0.60859375 0.884375 0.1328125 0.125
