3 0.11171875 0.11875000000000001 0.1234375 0.134375
2 0.35859375000000004 0.1328125 0.09843750000000001 0.12812500000000002
29 0.6125 0.1265625 0.134375 0.1375
19 0.8984375 0.0890625 0.125 0.125
28 0.10703125000000001 0.34296875000000004 0.15781250000000002 0.1609375
5 0.34687500000000004 0.325 0.1 0.125
7 0.6000000000000001 0.375 0.09062500000000001 0.1125
3 0.8859375 0.31093750000000003 0.1 0.1
35 0.11093750000000001 0.6265625 0.1125 0.125
13 0.321875 0.60703125 0.1125 0.1078125
3 0.5890625 0.59296875 0.08750000000000001 0.1046875
11 0.8914062500000001 0.57421875 0.1265625 0.1296875
1 0.14140625 0.828125 0.1171875 0.11875000000000001
10 0.371875 0.86640625 0.1625 0.1609375
5 0.6351562500000001 0.83359375 0.13593750000000002 0.13593750000000002
