29 0.1390625 0.14375000000000002 0.15000000000000002 0.15000000000000002
35 0.35234375 0.1125 0.08281250000000001 0.10625000000000001
7 0.58515625 0.096875 0.11406250000000001 0.12812500000000002
17 0.86328125 0.16171875000000002 0.07968750000000001 0.1234375
0 0.12109375 0.3671875 0.13593750000000002 0.140625
1 0.35390625000000003 0.3359375 0.07968750000000001 0.09375
28 0.58515625 0.32421875 0.08281250000000001 0.09531250000000001
11 0.8671875 0.36484375 0.12812500000000002 0.1171875
27 0.14375000000000002 0.6546875000000001 0.184375 0.1375
1 0.340625 0.61640625 0.07500000000000001 0.1046875
27 0.6234375000000001 0.64609375 0.13125 0.1296875
12 0.84765625 0.60703125 0.1546875 0.1546875
12 0.09375 0.8835937500000001 0.05625 0.0890625
34 0.3796875 0.8445312500000001 0.12812500000000002 0.1296875
33 0.6117187500000001 0.8703125 0.17343750000000002 0.16875
