20 0.146875 0.1265625 0.18125000000000002 0.178125
2 0.3453125 0.1234375 0.13125 0.1375
27 0.596875 0.12890625 0.07500000000000001 0.1046875
8 0.8578125000000001 0.1 0.09062500000000001 0.134375
33 0.1125 0.35078125000000004 0.15625 0.1546875
33 0.38359375 0.39140625 0.1765625 0.1796875
10 0.63046875 0.33437500000000003 0.1421875 0.1375
23 0.8679687500000001 0.38593750000000004 0.1265625 0.12187500000000001
17 0.1078125 0.6140625000000001 0.10625000000000001 0.109375
13 0.33906250000000004 0.6125 0.1125 0.1125
35 0.6203125 0.62109375 0.1125 0.1234375
8 0.8578125000000001 0.6375000000000001 0.09375 0.10312500000000001
4 0.10078125 0.8671875 0.1234375 0.11875000000000001
12 0.34453125 0.86328125 0.11406250000000001 0.1203125
