23 0.1078125 0.1296875 0.11875000000000001 0.12812500000000002
20 0.3875 0.1203125 0.171875 0.153125
13 0.6023437500000001 0.14296875 0.1234375 0.1265625
35 0.8828125 0.14609375 0.153125 0.1609375
35 0.11953125 0.3515625 0.1265625 0.12812500000000002
6 0.34296875000000004 0.33671875 0.08281250000000001 0.11406250000000001
33 0.6265625 0.35546875 0.15000000000000002 0.1484375
4 0.8539062500000001 0.35703125 0.09531250000000001 0.1078125
31 0.12734375 0.63046875 0.1640625 0.1640625
10 0.35781250000000003 0.63046875 0.10625000000000001 0.11406250000000001
31 0.6023437500000001 0.6171875 0.09531250000000001 0.09062500000000001
27 0.8718750000000001 0.6375000000000001 0.13125 0.12812500000000002
31 0.1125 0.86328125 0.10625000000000001 0.11093750000000001
29 0.359375 0.8812500000000001 0.15937500000000002 0.15625
