10 0.11328125 0.08281250000000001 0.1171875 0.10625000000000001
34 0.40468750000000003 0.1234375 0.13125 0.15000000000000002
4 0.603125 0.1015625 0.07187500000000001 0.10625000000000001
8 0.8523437500000001 0.1296875 0.15156250000000002 0.146875
32 0.12890625 0.38906250000000003 0.1171875 0.10625000000000001
31 0.36250000000000004 0.384375 0.13125 0.13125
20 0.61875 0.4 0.153125 0.140625
3 0.853125 0.37265625 0.115625 0.1453125
28 0.08281250000000001 0.5921875 0.109375 0.11875000000000001
23 0.3515625 0.59921875 0.153125 0.15156250000000002
13 0.6546875000000001 0.6453125000000001 0.178125 0.18125000000000002
