29 0.11953125 0.09531250000000001 0.1234375 0.125
34 0.37421875000000004 0.09765625 0.1078125 0.1078125
34 0.596875 0.09921875000000001 0.07187500000000001 0.11093750000000001
32 0.8515625 0.10859375 0.134375 0.13593750000000002
31 0.1125 0.34140625 0.109375 0.1046875
31 0.35390625000000003 0.38359375 0.1265625 0.1453125
4 0.6039062500000001 0.38203125000000004 0.08281250000000001 0.1171875
27 0.87265625 0.37421875000000004 0.1453125 0.1453125
14 0.10625000000000001 0.6390625000000001 0.14375000000000002 0.140625
25 0.35234375 0.60546875 0.08281250000000001 0.11093750000000001
1 0.5867187500000001 0.6078125000000001 0.1046875 0.10625000000000001
11 0.8562500000000001 0.5867187500000001 0.1 0.11406250000000001
