16 0.1171875 0.096875 0.140625 0.1375
0 0.36796875 0.1125 0.1328125 0.13125
11 0.63046875 0.09453125000000001 0.1265625 0.1296875
11 0.88203125 0.1453125 0.15781250000000002 0.16562500000000002
5 0.096875 0.35390625000000003 0.10312500000000001 0.11093750000000001
0 0.37812500000000004 0.36640625000000004 0.10625000000000001 0.1484375
28 0.6023437500000001 0.37578125 0.1234375 0.1203125
4 0.8453125 0.3328125 0.06875 0.09375
7 0.11875000000000001 0.584375 0.10312500000000001 0.10625000000000001
33 0.359375 0.6265625 0.11875000000000001 0.10625000000000001
7 0.6125 0.64375 0.12187500000000001 0.134375
15 0.88046875 0.6156250000000001 0.1609375 0.16562500000000002
4 0.1203125 0.9031250000000001 0.13125 0.146875
6 0.3328125 0.87265625 0.084375 0.0921875
1 0.5945312500000001 0.8984375 0.1046875 0.153125
