4 0.10546875 0.13125 0.1453125 0.1375
18 0.36015625 0.10390625 0.0890625 0.0890625
4 0.59375 0.125 0.08750000000000001 0.109375
1 0.85703125 0.125 0.13593750000000002 0.13125
25 0.14140625 0.36562500000000003 0.1640625 0.1625
11 0.3609375 0.37343750000000003 0.125 0.13125
19 0.6156250000000001 0.40390625 0.15000000000000002 0.1421875
5 0.8703125 0.38671875 0.109375 0.13593750000000002
1 0.134375 0.5867187500000001 0.109375 0.1046875
14 0.36015625 0.61640625 0.09843750000000001 0.1203125
14 0.61484375 0.609375 0.1265625 0.12187500000000001
