2 0.10078125 0.13515625 0.1234375 0.1234375
24 0.36875 0.13046875 0.134375 0.1390625
35 0.62890625 0.1390625 0.15781250000000002 0.153125
1 0.8679687500000001 0.1015625 0.08281250000000001 0.11875000000000001
31 0.1453125 0.3875 0.140625 0.153125
33 0.35390625000000003 0.37343750000000003 0.1328125 0.134375
23 0.6101562500000001 0.36484375 0.11406250000000001 0.1203125
23 0.8656250000000001 0.37265625 0.140625 0.1390625
5 0.1046875 0.63203125 0.125 0.1484375
18 0.34765625 0.62265625 0.1328125 0.13593750000000002
29 0.6265625 0.6453125000000001 0.17500000000000002 0.17500000000000002
21 0.86875 0.6023437500000001 0.096875 0.1265625
22 0.1203125 0.8390625 0.178125 0.16562500000000002
27 0.3828125 0.90625 0.19687500000000002 0.16875
12 0.58046875 0.8304687500000001 0.08281250000000001 0.0921875
16 0.85546875 0.875 0.11406250000000001 0.140625
