2 0.09375 0.09453125000000001 0.084375 0.11093750000000001
19 0.35468750000000004 0.10390625 0.13125 0.13593750000000002
34 0.6585937500000001 0.084375 0.1203125 0.11875000000000001
13 0.86328125 0.07500000000000001 0.0859375 0.10312500000000001
2 0.1015625 0.38671875 0.125 0.1203125
11 0.3765625 0.35468750000000004 0.1375 0.140625
8 0.61640625 0.31953125000000004 0.0890625 0.1078125
8 0.85859375 0.3921875 0.1234375 0.125
19 0.08125 0.6046875 0.09375 0.1125
35 0.35703125 0.634375 0.1765625 0.178125
