17 0.09843750000000001 0.10078125 0.078125 0.07968750000000001
14 0.3640625 0.10234375000000001 0.15000000000000002 0.1453125
35 0.6125 0.1234375 0.07500000000000001 0.1
9 0.8328125000000001 0.13515625 0.153125 0.1484375
0 0.10625000000000001 0.38593750000000004 0.125 0.146875
0 0.37812500000000004 0.384375 0.12812500000000002 0.13125
8 0.59296875 0.3640625 0.1171875 0.1125
33 0.84921875 0.36562500000000003 0.1203125 0.12187500000000001
22 0.0671875 0.5867187500000001 0.10312500000000001 0.1015625
1 0.3609375 0.6484375 0.09375 0.12812500000000002
18 0.5984375000000001 0.5906250000000001 0.09375 0.09375
30 0.8679687500000001 0.6218750000000001 0.13593750000000002 0.15000000000000002
5 0.10546875 0.88828125 0.1171875 0.1234375
17 0.371875 0.8984375 0.140625 0.12812500000000002
3 0.57578125 0.83359375 0.0890625 0.1046875
