2 0.1046875 0.15000000000000002 0.08750000000000001 0.1
0 0.35234375 0.08984375 0.0765625 0.1078125
35 0.6265625 0.14296875 0.12812500000000002 0.1328125
25 0.85078125 0.125 0.1203125 0.11875000000000001
25 0.10234375000000001 0.37109375 0.1296875 0.1328125
19 0.35546875 0.36015625 0.1171875 0.1234375
16 0.66015625 0.38906250000000003 0.19843750000000002 0.19687500000000002
27 0.87421875 0.36953125000000003 0.17343750000000002 0.17343750000000002
13 0.08046875 0.6015625 0.09843750000000001 0.1
4 0.359375 0.63671875 0.11875000000000001 0.1203125
17 0.62890625 0.58984375 0.1203125 0.1234375
22 0.8500000000000001 0.596875 0.153125 0.153125
7 0.09531250000000001 0.86640625 0.059375000000000004 0.07968750000000001
9 0.38515625000000003 0.90546875 0.1328125 0.1640625
28 0.62109375 0.82734375 0.1078125 0.1203125
5 0.853125 0.88828125 0.12187500000000001 0.1234375
