9 0.09921875000000001 0.08359375000000001 0.045312500000000006 0.0734375
8 0.37578125 0.1 0.1609375 0.17500000000000002
33 0.6171875 0.10390625 0.13125 0.13593750000000002
23 0.8921875 0.153125 0.171875 0.171875
31 0.13203125000000002 0.39687500000000003 0.15781250000000002 0.15625
6 0.353125 0.37421875000000004 0.13125 0.1421875
6 0.62421875 0.35546875 0.1078125 0.13593750000000002
15 0.8656250000000001 0.39140625 0.115625 0.11406250000000001
13 0.1375 0.6171875 0.1375 0.146875
35 0.3515625 0.628125 0.11875000000000001 0.12187500000000001
15 0.63046875 0.59765625 0.15781250000000002 0.1640625
21 0.83984375 0.6101562500000001 0.07968750000000001 0.11406250000000001
15 0.12578125 0.87421875 0.17343750000000002 0.17343750000000002
4 0.34765625 0.90234375 0.1078125 0.1296875
12 0.6453125000000001 0.890625 0.178125 0.17500000000000002
28 0.82734375 0.8796875000000001 0.0921875 0.08750000000000001
