2 0.115625 0.1078125 0.115625 0.12187500000000001
27 0.36328125 0.1546875 0.1203125 0.12187500000000001
32 0.64609375 0.11953125 0.1328125 0.1390625
31 0.8500000000000001 0.13593750000000002 0.1625 0.1625
4 0.09843750000000001 0.3453125 0.065625 0.08125
27 0.37343750000000003 0.38593750000000004 0.1375 0.1375
35 0.5945312500000001 0.35546875 0.1203125 0.1234375
8 0.85546875 0.3609375 0.09843750000000001 0.134375
11 0.12812500000000002 0.6171875 0.15625 0.1625
23 0.37578125 0.6312500000000001 0.15781250000000002 0.15937500000000002
10 0.6109375 0.6109375 0.08750000000000001 0.13125
30 0.89375 0.58984375 0.134375 0.1328125
3 0.09765625 0.8562500000000001 0.08281250000000001 0.1125
15 0.3671875 0.8656250000000001 0.13125 0.13125
