32 0.140625 0.10859375 0.1625 0.1296875
15 0.36250000000000004 0.1296875 0.10625000000000001 0.12812500000000002
3 0.61328125 0.1296875 0.1015625 0.125
19 0.875 0.08359375000000001 0.12812500000000002 0.1234375
21 0.1 0.37812500000000004 0.084375 0.09062500000000001
11 0.35781250000000003 0.36484375 0.10625000000000001 0.1078125
16 0.60703125 0.3796875 0.1328125 0.140625
25 0.8375 0.328125 0.07187500000000001 0.08125
35 0.1046875 0.61640625 0.13125 0.1296875
28 0.35546875 0.62421875 0.1171875 0.1234375
10 0.60703125 0.61484375 0.1078125 0.11093750000000001
