9 0.11328125 0.12187500000000001 0.1078125 0.13125
17 0.35781250000000003 0.11171875 0.1375 0.1328125
1 0.6125 0.13125 0.13125 0.1375
11 0.86484375 0.13046875 0.1265625 0.1265625
26 0.115625 0.37734375000000003 0.12812500000000002 0.1484375
11 0.3515625 0.34921875 0.12812500000000002 0.1328125
24 0.6171875 0.35000000000000003 0.11875000000000001 0.125
8 0.8695312500000001 0.353125 0.09531250000000001 0.13125
24 0.146875 0.61328125 0.1625 0.16718750000000002
1 0.35000000000000003 0.6109375 0.1 0.12187500000000001
11 0.609375 0.5890625 0.134375 0.1375
4 0.87265625 0.58203125 0.09843750000000001 0.11093750000000001
2 0.09062500000000001 0.8796875000000001 0.115625 0.1125
22 0.38828125 0.8601562500000001 0.15156250000000002 0.1453125
8 0.5828125000000001 0.87109375 0.09062500000000001 0.0859375
1 0.88671875 0.8445312500000001 0.15156250000000002 0.15156250000000002
