19 0.13359375 0.13046875 0.17343750000000002 0.17343750000000002
22 0.3875 0.1625 0.21250000000000002 0.203125
6 0.59140625 0.1203125 0.11093750000000001 0.115625
4 0.8390625 0.134375 0.125 0.12812500000000002
22 0.1296875 0.34218750000000003 0.125 0.12812500000000002
20 0.3515625 0.33125000000000004 0.12812500000000002 0.125
0 0.6015625 0.39296875000000003 0.084375 0.1171875
17 0.87421875 0.33125000000000004 0.1203125 0.12187500000000001
21 0.11484375000000001 0.6234375000000001 0.15156250000000002 0.153125
27 0.35859375000000004 0.625 0.1328125 0.13125
