3 0.10078125 0.11796875000000001 0.1453125 0.1390625
3 0.3765625 0.13203125000000002 0.146875 0.1390625
4 0.61328125 0.0890625 0.1015625 0.10312500000000001
14 0.8453125 0.11171875 0.10312500000000001 0.1265625
3 0.11796875000000001 0.3828125 0.0921875 0.13125
2 0.35781250000000003 0.375 0.1625 0.15937500000000002
25 0.59765625 0.34140625 0.1234375 0.1203125
8 0.87265625 0.39687500000000003 0.1421875 0.16562500000000002
19 0.1375 0.6648437500000001 0.15937500000000002 0.1796875
10 0.35000000000000003 0.5984375000000001 0.078125 0.096875
31 0.609375 0.61875 0.140625 0.140625
27 0.8757812500000001 0.6328125 0.18281250000000002 0.178125
28 0.115625 0.8453125 0.15000000000000002 0.15937500000000002
