16 0.1125 0.1421875 0.10625000000000001 0.140625
25 0.37265625 0.125 0.1546875 0.15937500000000002
23 0.6312500000000001 0.07968750000000001 0.19375 0.153125
3 0.8343750000000001 0.1171875 0.09375 0.10312500000000001
6 0.12890625 0.34218750000000003 0.1453125 0.146875
19 0.35234375 0.36562500000000003 0.0890625 0.09375
34 0.6453125000000001 0.375 0.15000000000000002 0.153125
17 0.85546875 0.34375 0.0734375 0.09062500000000001
1 0.0890625 0.6117187500000001 0.059375000000000004 0.0921875
19 0.3453125 0.63046875 0.09062500000000001 0.1203125
16 0.59765625 0.6484375 0.1640625 0.19062500000000002
5 0.8421875000000001 0.60546875 0.10312500000000001 0.1078125
12 0.1296875 0.84296875 0.12187500000000001 0.1234375
