27 0.1046875 0.1546875 0.171875 0.17500000000000002
10 0.359375 0.10390625 0.15000000000000002 0.15781250000000002
8 0.6101562500000001 0.09453125000000001 0.09843750000000001 0.09531250000000001
0 0.8703125 0.11171875 0.125 0.1453125
31 0.13125 0.35468750000000004 0.153125 0.153125
28 0.384375 0.3515625 0.13125 0.12812500000000002
28 0.59609375 0.3921875 0.07968750000000001 0.1
15 0.8625 0.36562500000000003 0.11875000000000001 0.14375000000000002
27 0.096875 0.59609375 0.10625000000000001 0.1078125
31 0.35234375 0.6125 0.1046875 0.10312500000000001
17 0.5953125 0.5906250000000001 0.09375 0.096875
27 0.8703125 0.6140625000000001 0.134375 0.134375
22 0.12187500000000001 0.8515625 0.13125 0.13125
3 0.34921875 0.8828125 0.0890625 0.1
10 0.6312500000000001 0.890625 0.16875 0.17500000000000002
28 0.8562500000000001 0.85078125 0.08125 0.0921875
