32 0.096875 0.11406250000000001 0.12187500000000001 0.12187500000000001
19 0.35078125000000004 0.13359375 0.07968750000000001 0.1265625
2 0.60703125 0.12890625 0.1203125 0.1203125
12 0.85078125 0.11406250000000001 0.08281250000000001 0.09375
18 0.08125 0.39765625000000004 0.034375 0.0921875
2 0.36875 0.39140625 0.1375 0.1421875
21 0.6078125000000001 0.38046875 0.1125 0.1171875
13 0.878125 0.35000000000000003 0.115625 0.12187500000000001
25 0.125 0.59921875 0.14375000000000002 0.15156250000000002
17 0.375 0.603125 0.18125000000000002 0.18125000000000002
