7 0.12265625000000001 0.11093750000000001 0.09843750000000001 0.10625000000000001
0 0.371875 0.115625 0.15000000000000002 0.16562500000000002
0 0.61640625 0.12890625 0.11093750000000001 0.13593750000000002
25 0.8695312500000001 0.08984375 0.1046875 0.11093750000000001
27 0.12734375 0.37812500000000004 0.16718750000000002 0.153125
34 0.34921875 0.3515625 0.0765625 0.078125
23 0.62109375 0.38984375000000004 0.1453125 0.1421875
17 0.86875 0.38125000000000003 0.1375 0.134375
24 0.1234375 0.6109375 0.125 0.125
13 0.3828125 0.6296875000000001 0.15625 0.15000000000000002
15 0.6101562500000001 0.63671875 0.1234375 0.1296875
24 0.85859375 0.6140625000000001 0.08281250000000001 0.096875
29 0.109375 0.8562500000000001 0.109375 0.109375
12 0.35781250000000003 0.86875 0.115625 0.125
