28 0.096875 0.10546875 0.08125 0.1015625
33 0.37265625 0.1 0.1390625 0.14375000000000002
6 0.6062500000000001 0.13593750000000002 0.07500000000000001 0.12187500000000001
18 0.8453125 0.09140625000000001 0.07500000000000001 0.0921875
29 0.1078125 0.34765625 0.125 0.1296875
34 0.35546875 0.40546875000000004 0.07968750000000001 0.1203125
6 0.61875 0.39609375 0.140625 0.1484375
35 0.84921875 0.3328125 0.13593750000000002 0.1375
11 0.10546875 0.61640625 0.1078125 0.11406250000000001
23 0.37734375000000003 0.6140625000000001 0.13593750000000002 0.153125
