27 0.12812500000000002 0.1421875 0.146875 0.14375000000000002
20 0.37734375000000003 0.1046875 0.15156250000000002 0.15000000000000002
2 0.59765625 0.10390625 0.06406250000000001 0.0859375
20 0.8515625 0.125 0.12187500000000001 0.13125
24 0.1015625 0.3609375 0.12812500000000002 0.13125
13 0.36640625000000004 0.4078125 0.0921875 0.1375
23 0.6109375 0.37812500000000004 0.15000000000000002 0.15000000000000002
3 0.84765625 0.371875 0.1265625 0.134375
18 0.13515625 0.60703125 0.1390625 0.13593750000000002
13 0.353125 0.596875 0.13125 0.13125
15 0.56953125 0.6203125 0.0890625 0.084375
8 0.8578125000000001 0.5789062500000001 0.08125 0.09843750000000001
22 0.13515625 0.8054687500000001 0.1015625 0.09843750000000001
8 0.34765625 0.8617187500000001 0.09531250000000001 0.1296875
