11 0.13671875 0.11171875 0.15156250000000002 0.15156250000000002
35 0.34765625 0.1 0.09843750000000001 0.09375
33 0.6039062500000001 0.134375 0.11093750000000001 0.109375
4 0.84140625 0.08750000000000001 0.0890625 0.10625000000000001
12 0.12578125 0.34765625 0.1265625 0.1390625
11 0.375 0.3453125 0.12812500000000002 0.13125
19 0.6046875 0.40234375 0.08750000000000001 0.13593750000000002
2 0.8523437500000001 0.37265625 0.1171875 0.1234375
25 0.11796875000000001 0.5953125 0.1203125 0.12187500000000001
1 0.35859375000000004 0.596875 0.09843750000000001 0.12187500000000001
6 0.6101562500000001 0.6312500000000001 0.1484375 0.15625
