19 0.109375 0.09296875 0.1 0.0890625
17 0.37265625 0.10390625 0.1296875 0.1203125
19 0.62265625 0.09765625 0.1171875 0.1203125
32 0.84765625 0.12265625000000001 0.11406250000000001 0.11406250000000001
9 0.11484375000000001 0.36328125 0.1015625 0.1296875
35 0.32109375 0.35859375000000004 0.0890625 0.09843750000000001
17 0.60859375 0.375 0.1203125 0.1125
4 0.88203125 0.33984375 0.09843750000000001 0.09531250000000001
31 0.1203125 0.6023437500000001 0.140625 0.1390625
18 0.37734375000000003 0.59296875 0.13593750000000002 0.1265625
