6 0.10703125000000001 0.1390625 0.1203125 0.125
33 0.35781250000000003 0.11406250000000001 0.153125 0.153125
32 0.66328125 0.12187500000000001 0.1796875 0.171875
4 0.8679687500000001 0.11406250000000001 0.1484375 0.14375000000000002
35 0.09531250000000001 0.35859375000000004 0.12187500000000001 0.1234375
11 0.36796875 0.40234375 0.15781250000000002 0.1609375
13 0.6046875 0.35781250000000003 0.1125 0.12187500000000001
20 0.88828125 0.3875 0.17343750000000002 0.16562500000000002
24 0.13359375 0.6453125000000001 0.16718750000000002 0.171875
17 0.35703125 0.6140625000000001 0.1421875 0.140625
