6 0.13359375 0.0921875 0.1203125 0.12187500000000001
2 0.36484375 0.0890625 0.0921875 0.09375
4 0.61328125 0.1078125 0.1078125 0.10625000000000001
20 0.85546875 0.13515625 0.1046875 0.1046875
14 0.115625 0.39296875000000003 0.1375 0.13593750000000002
17 0.36953125000000003 0.34765625 0.1296875 0.1046875
14 0.6257812500000001 0.31796875 0.0859375 0.0890625
4 0.853125 0.33671875 0.07500000000000001 0.1015625
8 0.0921875 0.6171875 0.08125 0.096875
35 0.3671875 0.6179687500000001 0.09062500000000001 0.11406250000000001
11 0.58203125 0.59375 0.1234375 0.125
5 0.8640625000000001 0.6234375000000001 0.10312500000000001 0.12812500000000002
6 0.1328125 0.85703125 0.115625 0.13593750000000002
34 0.38125000000000003 0.8500000000000001 0.15000000000000002 0.153125
20 0.61875 0.8695312500000001 0.11875000000000001 0.1265625
