16 0.10390625 0.09375 0.1171875 0.12812500000000002
21 0.37421875000000004 0.11953125 0.1640625 0.16718750000000002
24 0.63046875 0.10312500000000001 0.1484375 0.15000000000000002
8 0.8703125 0.14921875 0.1125 0.13593750000000002
24 0.1 0.38046875 0.115625 0.11406250000000001
14 0.36875 0.36562500000000003 0.1125 0.11875000000000001
2 0.61484375 0.37734375000000003 0.1203125 0.1296875
15 0.8578125000000001 0.37578125 0.10312500000000001 0.11406250000000001
1 0.12734375 0.56171875 0.08281250000000001 0.0921875
5 0.35000000000000003 0.6015625 0.084375 0.109375
16 0.6414062500000001 0.57265625 0.09843750000000001 0.09843750000000001
35 0.859375 0.625 0.13125 0.146875
2 0.10546875 0.8734375000000001 0.1421875 0.140625
3 0.36015625 0.8757812500000001 0.0859375 0.13593750000000002
31 0.65390625 0.8992187500000001 0.1265625 0.1421875
26 0.8562500000000001 0.8695312500000001 0.109375 0.1171875
