33 0.1078125 0.13359375 0.115625 0.11406250000000001
1 0.36796875 0.09296875 0.1171875 0.1296875
8 0.59609375 0.11406250000000001 0.09843750000000001 0.12187500000000001
16 0.8765625 0.11484375000000001 0.15625 0.15781250000000002
17 0.12578125 0.36796875 0.15781250000000002 0.15156250000000002
1 0.35703125 0.33906250000000004 0.0921875 0.10625000000000001
4 0.61484375 0.36171875000000003 0.1453125 0.1484375
8 0.89453125 0.39375000000000004 0.1640625 0.15937500000000002
35 0.125 0.61328125 0.19062500000000002 0.18906250000000002
19 0.35468750000000004 0.6257812500000001 0.146875 0.1640625
8 0.6046875 0.6039062500000001 0.09375 0.1234375
11 0.8773437500000001 0.5953125 0.1203125 0.125
