16 0.10703125000000001 0.13125 0.16718750000000002 0.15937500000000002
7 0.375 0.11484375000000001 0.12187500000000001 0.1328125
33 0.6195312500000001 0.1 0.1328125 0.14375000000000002
19 0.8773437500000001 0.1203125 0.1484375 0.15000000000000002
31 0.10859375 0.36250000000000004 0.1453125 0.146875
23 0.36484375 0.3984375 0.1765625 0.171875
35 0.56875 0.359375 0.1125 0.1125
3 0.85078125 0.31953125000000004 0.06406250000000001 0.0859375
26 0.08984375 0.59375 0.1546875 0.153125
13 0.35859375000000004 0.578125 0.08281250000000001 0.09062500000000001
35 0.61484375 0.6359375 0.1015625 0.13125
11 0.8625 0.6000000000000001 0.1 0.109375
16 0.12421875 0.84765625 0.1203125 0.1203125
30 0.37343750000000003 0.84296875 0.1 0.09843750000000001
