12 0.1265625 0.10078125 0.11875000000000001 0.1296875
20 0.38359375 0.0859375 0.1046875 0.10312500000000001
18 0.6156250000000001 0.09453125000000001 0.1375 0.1265625
15 0.85703125 0.1328125 0.1046875 0.11875000000000001
25 0.12734375 0.3984375 0.1453125 0.153125
8 0.36171875000000003 0.38984375000000004 0.1234375 0.1328125
11 0.60546875 0.38359375 0.0921875 0.09843750000000001
13 0.86328125 0.371875 0.1203125 0.12812500000000002
20 0.10625000000000001 0.6234375000000001 0.1375 0.146875
13 0.40156250000000004 0.5953125 0.15000000000000002 0.15000000000000002
