11 0.1125 0.11171875 0.1 0.11093750000000001
19 0.38125000000000003 0.13046875 0.18125000000000002 0.17343750000000002
19 0.5890625 0.1234375 0.1375 0.140625
7 0.86875 0.11875000000000001 0.12187500000000001 0.12812500000000002
8 0.11093750000000001 0.375 0.13125 0.1375
31 0.35546875 0.31953125000000004 0.0859375 0.0765625
0 0.6179687500000001 0.35781250000000003 0.15156250000000002 0.15000000000000002
19 0.859375 0.35468750000000004 0.109375 0.10625000000000001
4 0.11015625000000001 0.6390625000000001 0.15781250000000002 0.16562500000000002
17 0.39453125 0.58828125 0.1265625 0.1265625
27 0.6023437500000001 0.62890625 0.1015625 0.1015625
23 0.8671875 0.609375 0.10312500000000001 0.140625
13 0.10546875 0.8679687500000001 0.0921875 0.1265625
16 0.3515625 0.8859375 0.078125 0.1125
