1 0.1078125 0.1 0.07187500000000001 0.10312500000000001
11 0.36171875000000003 0.0921875 0.1265625 0.14375000000000002
1 0.61640625 0.09609375 0.0734375 0.09843750000000001
20 0.86484375 0.11953125 0.13593750000000002 0.13593750000000002
9 0.12109375 0.34140625 0.09531250000000001 0.1046875
20 0.37812500000000004 0.3609375 0.15625 0.153125
7 0.625 0.35000000000000003 0.14375000000000002 0.153125
24 0.8718750000000001 0.3609375 0.115625 0.11875000000000001
7 0.10546875 0.63671875 0.0734375 0.1015625
35 0.36796875 0.63984375 0.1328125 0.13593750000000002
10 0.5953125 0.6140625000000001 0.125 0.134375
23 0.8968750000000001 0.603125 0.146875 0.140625
23 0.13046875 0.875 0.1296875 0.15000000000000002
33 0.36953125000000003 0.86484375 0.1390625 0.1390625
