6 0.11953125 0.15390625000000002 0.1296875 0.15156250000000002
11 0.35468750000000004 0.11640625 0.146875 0.1421875
14 0.63671875 0.14296875 0.15156250000000002 0.15156250000000002
34 0.846875 0.08984375 0.11875000000000001 0.1203125
3 0.10390625 0.34687500000000004 0.0703125 0.09375
0 0.34687500000000004 0.3609375 0.06875 0.09062500000000001
1 0.58984375 0.38984375000000004 0.09531250000000001 0.1328125
35 0.859375 0.35859375000000004 0.096875 0.09843750000000001
1 0.12421875 0.6515625 0.09843750000000001 0.13125
10 0.35234375 0.6203125 0.0921875 0.084375
0 0.6078125000000001 0.58203125 0.06875 0.0859375
