14 0.078125 0.10703125000000001 0.115625 0.1171875
23 0.38593750000000004 0.13593750000000002 0.1875 0.1625
23 0.6328125 0.10703125000000001 0.140625 0.1390625
24 0.8679687500000001 0.11484375000000001 0.11406250000000001 0.1296875
28 0.09453125000000001 0.36015625 0.0703125 0.0859375
35 0.38359375 0.33437500000000003 0.1390625 0.14375000000000002
0 0.58515625 0.340625 0.0890625 0.10625000000000001
2 0.8445312500000001 0.35546875 0.09843750000000001 0.1078125
15 0.1265625 0.6351562500000001 0.146875 0.1453125
11 0.35468750000000004 0.5796875 0.08750000000000001 0.09062500000000001
30 0.6273437500000001 0.63671875 0.1546875 0.1546875
11 0.8601562500000001 0.6039062500000001 0.1296875 0.13593750000000002
29 0.10312500000000001 0.8601562500000001 0.109375 0.11093750000000001
1 0.33984375 0.84921875 0.035937500000000004 0.09531250000000001
16 0.59921875 0.859375 0.1046875 0.1125
2 0.8148437500000001 0.8562500000000001 0.0890625 0.08750000000000001
