6 0.11796875000000001 0.13203125000000002 0.15156250000000002 0.16718750000000002
29 0.35781250000000003 0.10546875 0.09375 0.11093750000000001
19 0.6046875 0.11796875000000001 0.115625 0.1078125
9 0.8921875 0.13125 0.15625 0.153125
27 0.1078125 0.37421875000000004 0.12812500000000002 0.1265625
16 0.353125 0.35468750000000004 0.125 0.125
0 0.5859375 0.35234375 0.11875000000000001 0.1203125
23 0.8695312500000001 0.35859375000000004 0.1640625 0.1640625
6 0.11484375000000001 0.6062500000000001 0.09843750000000001 0.12187500000000001
10 0.4078125 0.6492187500000001 0.19375 0.1953125
2 0.61640625 0.59375 0.1203125 0.125
