25 0.1328125 0.08125 0.125 0.125
35 0.37578125 0.09296875 0.1296875 0.1328125
2 0.628125 0.09531250000000001 0.12812500000000002 0.12812500000000002
13 0.8859375 0.11406250000000001 0.184375 0.184375
4 0.09062500000000001 0.33046875000000003 0.053125000000000006 0.0765625
21 0.35234375 0.35390625000000003 0.1015625 0.1015625
13 0.60859375 0.3640625 0.1015625 0.1
28 0.8421875000000001 0.36484375 0.09062500000000001 0.09843750000000001
25 0.09609375 0.60859375 0.1390625 0.1390625
11 0.39687500000000003 0.640625 0.171875 0.171875
5 0.59765625 0.6257812500000001 0.1234375 0.1171875
30 0.8562500000000001 0.6171875 0.078125 0.11875000000000001
10 0.115625 0.859375 0.178125 0.18125000000000002
