6 0.140625 0.08671875000000001 0.12812500000000002 0.13593750000000002
19 0.33515625000000004 0.13593750000000002 0.07968750000000001 0.1
4 0.6117187500000001 0.14296875 0.1265625 0.1421875
4 0.85078125 0.09296875 0.0703125 0.0859375
8 0.0890625 0.38203125000000004 0.10312500000000001 0.1234375
16 0.4 0.34921875 0.140625 0.1390625
5 0.62109375 0.3875 0.1328125 0.134375
8 0.8601562500000001 0.33828125000000003 0.08281250000000001 0.09843750000000001
17 0.12812500000000002 0.64609375 0.14375000000000002 0.1453125
17 0.33515625000000004 0.6000000000000001 0.1234375 0.125
7 0.60859375 0.6265625 0.1453125 0.146875
8 0.83515625 0.59296875 0.0734375 0.0921875
3 0.08515625 0.853125 0.09843750000000001 0.115625
24 0.36796875 0.853125 0.11406250000000001 0.12187500000000001
20 0.65546875 0.8914062500000001 0.1796875 0.1765625
