17 0.10078125 0.11640625 0.09531250000000001 0.09531250000000001
20 0.34140625 0.12578125 0.11406250000000001 0.11093750000000001
35 0.6296875000000001 0.1046875 0.15937500000000002 0.15625
18 0.84765625 0.11796875000000001 0.0890625 0.0921875
23 0.11093750000000001 0.39375000000000004 0.17500000000000002 0.17500000000000002
26 0.34218750000000003 0.35390625000000003 0.109375 0.1234375
18 0.62421875 0.35781250000000003 0.11406250000000001 0.12812500000000002
10 0.8546875 0.37265625 0.096875 0.0890625
19 0.10546875 0.62421875 0.1234375 0.1390625
5 0.3515625 0.60859375 0.109375 0.1234375
17 0.6156250000000001 0.6015625 0.115625 0.11875000000000001
9 0.8500000000000001 0.62109375 0.134375 0.1296875
7 0.14609375 0.846875 0.11406250000000001 0.115625
27 0.40078125000000003 0.8953125000000001 0.1703125 0.171875
33 0.6257812500000001 0.875 0.16718750000000002 0.16562500000000002
10 0.8757812500000001 0.8765625 0.1765625 0.18125000000000002
