12 0.0859375 0.08281250000000001 0.13125 0.134375
9 0.36328125 0.1171875 0.0890625 0.10312500000000001
18 0.58515625 0.1453125 0.0578125 0.14375000000000002
3 0.8695312500000001 0.11953125 0.1640625 0.1703125
33 0.096875 0.34687500000000004 0.14375000000000002 0.14375000000000002
7 0.34296875000000004 0.36015625 0.1015625 0.1046875
13 0.609375 0.35000000000000003 0.10312500000000001 0.1
27 0.8890625000000001 0.40156250000000004 0.19687500000000002 0.1625
3 0.12734375 0.6492187500000001 0.1546875 0.1453125
27 0.36953125000000003 0.5593750000000001 0.07968750000000001 0.096875
33 0.60859375 0.6078125000000001 0.1265625 0.115625
35 0.84375 0.5921875 0.134375 0.1375
6 0.1265625 0.8359375 0.1125 0.10625000000000001
