18 0.11484375000000001 0.12109375 0.1203125 0.1265625
1 0.33906250000000004 0.11093750000000001 0.109375 0.12187500000000001
32 0.6515625 0.11406250000000001 0.16875 0.153125
1 0.8609375 0.11796875000000001 0.1 0.1234375
11 0.10859375 0.37734375000000003 0.1390625 0.1390625
23 0.37421875000000004 0.384375 0.1328125 0.12812500000000002
24 0.6578125 0.3765625 0.19687500000000002 0.19687500000000002
33 0.84375 0.39140625 0.15000000000000002 0.1484375
7 0.109375 0.6351562500000001 0.07187500000000001 0.1046875
35 0.31796875 0.59765625 0.0890625 0.09843750000000001
15 0.6117187500000001 0.6125 0.0859375 0.11875000000000001
35 0.84296875 0.62109375 0.0734375 0.08281250000000001
11 0.08281250000000001 0.86640625 0.1125 0.11093750000000001
