2 0.11093750000000001 0.1015625 0.125 0.12187500000000001
18 0.32890625 0.0921875 0.06406250000000001 0.10625000000000001
17 0.6257812500000001 0.1421875 0.1078125 0.1375
34 0.8695312500000001 0.08359375000000001 0.11093750000000001 0.11093750000000001
24 0.109375 0.38515625000000003 0.15937500000000002 0.1609375
0 0.35625 0.37578125 0.13125 0.13593750000000002
35 0.6039062500000001 0.359375 0.1390625 0.14375000000000002
17 0.884375 0.31875000000000003 0.1125 0.109375
6 0.09921875000000001 0.5859375 0.0734375 0.09375
15 0.34765625 0.609375 0.1171875 0.11875000000000001
35 0.6351562500000001 0.6515625 0.1203125 0.12187500000000001
30 0.8578125000000001 0.628125 0.13125 0.13125
33 0.09843750000000001 0.85859375 0.12187500000000001 0.1234375
28 0.38906250000000003 0.8359375 0.140625 0.15000000000000002
20 0.6296875000000001 0.86875 0.1625 0.15625
