1 0.09765625 0.09765625 0.0484375 0.0890625
10 0.36250000000000004 0.09921875000000001 0.109375 0.1046875
2 0.6265625 0.09453125000000001 0.125 0.13593750000000002
5 0.8406250000000001 0.14296875 0.16562500000000002 0.16718750000000002
18 0.09609375 0.3765625 0.08281250000000001 0.13125
0 0.38125000000000003 0.42031250000000003 0.12187500000000001 0.14375000000000002
0 0.596875 0.37265625 0.09062500000000001 0.1015625
19 0.8734375000000001 0.33437500000000003 0.125 0.14375000000000002
3 0.11093750000000001 0.62421875 0.134375 0.1640625
1 0.35234375 0.60546875 0.11093750000000001 0.1265625
7 0.6414062500000001 0.59375 0.1265625 0.13125
5 0.8445312500000001 0.6265625 0.13593750000000002 0.13125
13 0.1328125 0.8812500000000001 0.18125000000000002 0.18125000000000002
26 0.36562500000000003 0.8734375000000001 0.16875 0.178125
9 0.603125 0.87265625 0.12187500000000001 0.13593750000000002
