16 0.10078125 0.109375 0.07968750000000001 0.078125
17 0.37734375000000003 0.10078125 0.1296875 0.1265625
17 0.60703125 0.12265625000000001 0.1078125 0.1203125
10 0.84765625 0.10546875 0.11093750000000001 0.1078125
0 0.09453125000000001 0.37812500000000004 0.09843750000000001 0.12187500000000001
13 0.35703125 0.40078125000000003 0.08281250000000001 0.1171875
17 0.6125 0.36171875000000003 0.11875000000000001 0.13593750000000002
6 0.8562500000000001 0.39921875 0.10312500000000001 0.1078125
14 0.1203125 0.6468750000000001 0.140625 0.14375000000000002
11 0.3515625 0.6078125000000001 0.08125 0.084375
4 0.57734375 0.60546875 0.11093750000000001 0.11093750000000001
35 0.8515625 0.57265625 0.05625 0.0734375
