17 0.134375 0.13593750000000002 0.171875 0.16875
14 0.35546875 0.16328125000000002 0.1921875 0.1921875
34 0.60859375 0.0921875 0.09531250000000001 0.096875
31 0.8515625 0.1 0.1125 0.09375
27 0.12812500000000002 0.36640625000000004 0.134375 0.1546875
2 0.36250000000000004 0.3640625 0.1625 0.153125
7 0.63046875 0.35546875 0.11406250000000001 0.1390625
7 0.8734375000000001 0.375 0.14375000000000002 0.14375000000000002
19 0.084375 0.6390625000000001 0.096875 0.096875
8 0.34140625 0.5796875 0.06406250000000001 0.08750000000000001
14 0.6265625 0.6414062500000001 0.1125 0.1484375
33 0.8695312500000001 0.6062500000000001 0.13593750000000002 0.13125
5 0.10312500000000001 0.8718750000000001 0.109375 0.11875000000000001
