25 0.14375000000000002 0.08359375000000001 0.13125 0.1296875
29 0.371875 0.10390625 0.084375 0.1015625
34 0.59921875 0.12265625000000001 0.09531250000000001 0.1046875
0 0.84921875 0.09453125000000001 0.0671875 0.09843750000000001
14 0.11015625000000001 0.35703125 0.0890625 0.11406250000000001
14 0.35390625000000003 0.34765625 0.1015625 0.11093750000000001
11 0.6140625000000001 0.3671875 0.10312500000000001 0.11875000000000001
10 0.87421875 0.39453125 0.1484375 0.1546875
18 0.1 0.6273437500000001 0.125 0.1328125
18 0.35468750000000004 0.596875 0.1 0.096875
33 0.58984375 0.6156250000000001 0.11093750000000001 0.109375
