23 0.10859375 0.10312500000000001 0.15781250000000002 0.1625
17 0.4 0.125 0.18125000000000002 0.19062500000000002
16 0.6179687500000001 0.10078125 0.1203125 0.1203125
17 0.85078125 0.13828125 0.1421875 0.1421875
8 0.065625 0.36328125 0.09375 0.0921875
20 0.40390625 0.34375 0.1390625 0.140625
20 0.6531250000000001 0.36171875000000003 0.1875 0.1859375
23 0.8304687500000001 0.35078125000000004 0.1234375 0.1234375
4 0.12109375 0.603125 0.1015625 0.13125
3 0.35703125 0.6156250000000001 0.1390625 0.146875
23 0.59296875 0.59375 0.1078125 0.115625
