16 0.1046875 0.15546875000000002 0.19687500000000002 0.19843750000000002
3 0.3609375 0.11171875 0.171875 0.16718750000000002
8 0.5906250000000001 0.11875000000000001 0.05625 0.084375
7 0.8609375 0.1046875 0.12187500000000001 0.1375
7 0.1015625 0.37812500000000004 0.1125 0.12187500000000001
16 0.34765625 0.34687500000000004 0.15156250000000002 0.15000000000000002
3 0.59140625 0.35546875 0.1265625 0.1265625
28 0.8679687500000001 0.36250000000000004 0.1609375 0.17500000000000002
17 0.1265625 0.62265625 0.16875 0.16718750000000002
18 0.35546875 0.6625000000000001 0.09531250000000001 0.134375
4 0.6023437500000001 0.59609375 0.0703125 0.0890625
24 0.85546875 0.59765625 0.0921875 0.09531250000000001
21 0.09140625000000001 0.8679687500000001 0.1203125 0.11406250000000001
3 0.340625 0.8546875 0.05625 0.09062500000000001
30 0.6125 0.8765625 0.13125 0.13125
