20 0.11093750000000001 0.11015625000000001 0.1 0.13593750000000002
9 0.36250000000000004 0.115625 0.10312500000000001 0.125
0 0.6101562500000001 0.1296875 0.1078125 0.146875
10 0.86640625 0.11015625000000001 0.1859375 0.18906250000000002
23 0.10078125 0.35234375 0.1296875 0.1296875
13 0.3671875 0.33671875 0.10312500000000001 0.1078125
14 0.596875 0.37031250000000004 0.065625 0.07500000000000001
0 0.859375 0.39375000000000004 0.10625000000000001 0.15000000000000002
19 0.11015625000000001 0.57421875 0.0890625 0.11093750000000001
19 0.38906250000000003 0.65546875 0.16562500000000002 0.1640625
4 0.60546875 0.64453125 0.11093750000000001 0.1203125
7 0.8382812500000001 0.6328125 0.09531250000000001 0.08750000000000001
