33 0.12578125 0.14609375 0.1421875 0.1421875
9 0.34687500000000004 0.10859375 0.13125 0.1234375
0 0.62421875 0.14140625 0.1421875 0.13593750000000002
22 0.8695312500000001 0.09765625 0.11093750000000001 0.1078125
17 0.13515625 0.34921875 0.1390625 0.1390625
17 0.37031250000000004 0.3640625 0.1 0.125
20 0.6359375 0.38046875 0.171875 0.1421875
13 0.8578125000000001 0.39296875000000003 0.16562500000000002 0.16718750000000002
2 0.10703125000000001 0.62109375 0.1234375 0.1453125
19 0.34687500000000004 0.6335937500000001 0.115625 0.1265625
