7 0.09921875000000001 0.12734375 0.15781250000000002 0.1484375
20 0.36875 0.11093750000000001 0.10625000000000001 0.115625
29 0.6375000000000001 0.09453125000000001 0.12187500000000001 0.1296875
4 0.8929687500000001 0.08984375 0.1171875 0.1171875
19 0.11328125 0.353125 0.1484375 0.1625
9 0.35078125000000004 0.34296875000000004 0.07968750000000001 0.1046875
16 0.6218750000000001 0.36562500000000003 0.153125 0.153125
24 0.85546875 0.34296875000000004 0.16718750000000002 0.1703125
10 0.14453125 0.5789062500000001 0.1390625 0.1390625
14 0.34765625 0.6023437500000001 0.13593750000000002 0.13593750000000002
