20 0.1234375 0.14140625 0.153125 0.1609375
18 0.35078125000000004 0.12421875 0.11093750000000001 0.11406250000000001
35 0.6000000000000001 0.13125 0.115625 0.115625
34 0.8640625000000001 0.1234375 0.1 0.1
9 0.09453125000000001 0.34453125 0.0671875 0.1015625
21 0.3484375 0.36953125000000003 0.115625 0.1390625
10 0.60078125 0.37578125 0.0890625 0.07968750000000001
3 0.84765625 0.38593750000000004 0.1015625 0.12812500000000002
4 0.12734375 0.5671875000000001 0.0859375 0.09062500000000001
24 0.3453125 0.609375 0.115625 0.115625
10 0.59140625 0.61640625 0.1328125 0.13593750000000002
28 0.859375 0.60859375 0.115625 0.11093750000000001
