27 0.12109375 0.14375000000000002 0.1546875 0.15000000000000002
19 0.4 0.15000000000000002 0.178125 0.17500000000000002
7 0.6039062500000001 0.13671875 0.09531250000000001 0.1171875
25 0.8578125000000001 0.0859375 0.08125 0.08750000000000001
33 0.11640625 0.375 0.1421875 0.140625
0 0.3515625 0.353125 0.07187500000000001 0.08750000000000001
17 0.578125 0.340625 0.1 0.1
35 0.890625 0.31484375000000003 0.1125 0.11406250000000001
26 0.1171875 0.62421875 0.15625 0.15781250000000002
17 0.375 0.6117187500000001 0.15000000000000002 0.1484375
15 0.5984375000000001 0.57578125 0.109375 0.11406250000000001
22 0.8695312500000001 0.6000000000000001 0.1078125 0.109375
