16 0.10312500000000001 0.11406250000000001 0.109375 0.1125
33 0.37734375000000003 0.14765625000000002 0.1484375 0.1390625
34 0.6062500000000001 0.11171875 0.10312500000000001 0.13593750000000002
22 0.8453125 0.12187500000000001 0.08750000000000001 0.084375
12 0.12109375 0.35859375000000004 0.1234375 0.1234375
7 0.34218750000000003 0.34609375000000003 0.07500000000000001 0.0921875
0 0.6156250000000001 0.35859375000000004 0.11875000000000001 0.1328125
4 0.8515625 0.37890625 0.115625 0.1171875
19 0.12187500000000001 0.5796875 0.115625 0.11875000000000001
35 0.35546875 0.6109375 0.16718750000000002 0.16875
