17 0.10234375000000001 0.11406250000000001 0.15156250000000002 0.15000000000000002
19 0.36171875000000003 0.0765625 0.0890625 0.109375
10 0.6265625 0.08750000000000001 0.10625000000000001 0.109375
10 0.85859375 0.11093750000000001 0.1296875 0.13125
6 0.109375 0.39140625 0.1125 0.1390625
7 0.33203125 0.39453125 0.15156250000000002 0.1546875
3 0.6023437500000001 0.353125 0.08281250000000001 0.115625
16 0.89609375 0.3328125 0.13593750000000002 0.1375
23 0.08515625 0.6117187500000001 0.1265625 0.1265625
24 0.35625 0.6109375 0.115625 0.115625
31 0.6023437500000001 0.6351562500000001 0.1703125 0.1703125
35 0.8539062500000001 0.6218750000000001 0.0921875 0.1125
17 0.11015625000000001 0.8695312500000001 0.1171875 0.11093750000000001
