23 0.09843750000000001 0.09140625000000001 0.15937500000000002 0.1640625
20 0.353125 0.13359375 0.084375 0.0859375
25 0.6335937500000001 0.11015625000000001 0.18906250000000002 0.18906250000000002
8 0.8390625 0.1046875 0.096875 0.115625
32 0.15703125 0.37343750000000003 0.2078125 0.20625000000000002
3 0.36250000000000004 0.37343750000000003 0.08750000000000001 0.115625
3 0.61484375 0.31562500000000004 0.08281250000000001 0.096875
0 0.8734375000000001 0.390625 0.13125 0.134375
13 0.12187500000000001 0.6015625 0.12812500000000002 0.12812500000000002
14 0.34296875000000004 0.6492187500000001 0.1265625 0.1484375
5 0.63671875 0.5593750000000001 0.11406250000000001 0.12187500000000001
