17 0.10703125000000001 0.12578125 0.13593750000000002 0.13593750000000002
13 0.36562500000000003 0.1375 0.153125 0.15625
11 0.6156250000000001 0.15625 0.12187500000000001 0.13125
17 0.8757812500000001 0.11328125 0.1640625 0.1640625
26 0.12578125 0.35000000000000003 0.1421875 0.146875
33 0.38359375 0.3828125 0.2015625 0.2
13 0.603125 0.36796875 0.109375 0.1265625
16 0.88984375 0.39765625000000004 0.18906250000000002 0.17343750000000002
19 0.146875 0.6375000000000001 0.18125000000000002 0.178125
7 0.37812500000000004 0.6335937500000001 0.096875 0.11406250000000001
24 0.63046875 0.57578125 0.11093750000000001 0.11093750000000001
16 0.88984375 0.6015625 0.1265625 0.1375
32 0.13984375000000002 0.84375 0.15781250000000002 0.11875000000000001
32 0.40546875000000004 0.88828125 0.1703125 0.1703125
34 0.609375 0.86640625 0.1375 0.1390625
21 0.8703125 0.8890625000000001 0.13125 0.134375
