32 0.153125 0.12578125 0.16562500000000002 0.15156250000000002
11 0.35703125 0.12187500000000001 0.11093750000000001 0.11875000000000001
23 0.6328125 0.115625 0.153125 0.146875
16 0.8828125 0.05859375 0.096875 0.09843750000000001
1 0.1203125 0.39375000000000004 0.05 0.11875000000000001
6 0.375 0.38359375 0.146875 0.1703125
34 0.61484375 0.37890625 0.1234375 0.1390625
9 0.8382812500000001 0.3875 0.1453125 0.14375000000000002
34 0.11640625 0.6109375 0.11406250000000001 0.11875000000000001
14 0.36328125 0.6429687500000001 0.11406250000000001 0.11406250000000001
30 0.6609375000000001 0.634375 0.19062500000000002 0.19375
