33 0.08828125 0.1125 0.1078125 0.10625000000000001
16 0.37578125 0.11953125 0.16718750000000002 0.1640625
8 0.5890625 0.09531250000000001 0.10625000000000001 0.1125
28 0.8679687500000001 0.09921875000000001 0.1015625 0.1046875
13 0.1125 0.3640625 0.12812500000000002 0.1375
5 0.3671875 0.34375 0.125 0.146875
27 0.63671875 0.4 0.1453125 0.15625
5 0.8390625 0.34765625 0.13125 0.13593750000000002
6 0.10390625 0.6312500000000001 0.1296875 0.15000000000000002
27 0.3921875 0.62890625 0.171875 0.1765625
11 0.603125 0.62421875 0.09375 0.0890625
5 0.8609375 0.6421875 0.109375 0.15000000000000002
16 0.1171875 0.8953125000000001 0.11875000000000001 0.13125
4 0.35703125 0.859375 0.16718750000000002 0.16562500000000002
16 0.6023437500000001 0.8382812500000001 0.07968750000000001 0.07968750000000001
12 0.8625 0.8421875000000001 0.096875 0.109375
