7 0.11171875 0.1453125 0.1046875 0.13125
7 0.34609375000000003 0.13203125000000002 0.0765625 0.09843750000000001
34 0.6109375 0.11093750000000001 0.140625 0.140625
22 0.91015625 0.12421875 0.2078125 0.20468750000000002
2 0.10390625 0.371875 0.1453125 0.15000000000000002
19 0.35390625000000003 0.36562500000000003 0.07968750000000001 0.10625000000000001
3 0.60703125 0.36562500000000003 0.1453125 0.140625
18 0.85078125 0.36250000000000004 0.0703125 0.084375
10 0.1203125 0.62265625 0.13125 0.1328125
17 0.353125 0.609375 0.09062500000000001 0.096875
