25 0.09921875000000001 0.1125 0.07968750000000001 0.07500000000000001
19 0.34218750000000003 0.09453125000000001 0.059375000000000004 0.09843750000000001
24 0.60703125 0.1078125 0.15781250000000002 0.15625
28 0.8828125 0.15078125 0.153125 0.1609375
10 0.12890625 0.32890625 0.1296875 0.1328125
35 0.375 0.40156250000000004 0.10312500000000001 0.125
4 0.60859375 0.3765625 0.11093750000000001 0.11875000000000001
3 0.85546875 0.35546875 0.1015625 0.1078125
4 0.1265625 0.6351562500000001 0.12812500000000002 0.1265625
4 0.3328125 0.60546875 0.10312500000000001 0.11406250000000001
12 0.6140625000000001 0.6140625000000001 0.115625 0.12812500000000002
31 0.83515625 0.59765625 0.1078125 0.1046875
34 0.12187500000000001 0.8375 0.115625 0.115625
16 0.32734375000000004 0.8578125000000001 0.0859375 0.096875
10 0.59765625 0.853125 0.1421875 0.140625
16 0.8546875 0.9085937500000001 0.15625 0.1953125
