12 0.134375 0.14453125 0.146875 0.1546875
15 0.37421875000000004 0.11171875 0.1296875 0.13593750000000002
17 0.6546875000000001 0.125 0.17500000000000002 0.184375
29 0.90234375 0.1328125 0.1609375 0.171875
10 0.1125 0.38984375000000004 0.109375 0.1203125
9 0.37265625 0.33671875 0.1328125 0.1421875
33 0.62890625 0.34296875000000004 0.1390625 0.1390625
35 0.8718750000000001 0.34609375000000003 0.13125 0.1328125
23 0.11953125 0.5984375000000001 0.1234375 0.125
31 0.38203125000000004 0.58828125 0.15156250000000002 0.1296875
