17 0.1453125 0.10390625 0.16562500000000002 0.16718750000000002
7 0.3609375 0.14921875 0.10625000000000001 0.1296875
29 0.6015625 0.11953125 0.12187500000000001 0.1203125
0 0.84296875 0.0859375 0.0890625 0.10625000000000001
10 0.13203125000000002 0.33984375 0.13593750000000002 0.13593750000000002
23 0.3796875 0.38125000000000003 0.16875 0.16875
2 0.61640625 0.36015625 0.1265625 0.1296875
0 0.85859375 0.384375 0.1328125 0.14375000000000002
6 0.10078125 0.6117187500000001 0.08281250000000001 0.11093750000000001
4 0.353125 0.6429687500000001 0.09062500000000001 0.11406250000000001
4 0.6062500000000001 0.63671875 0.115625 0.1328125
23 0.8835937500000001 0.6359375 0.15156250000000002 0.096875
28 0.1078125 0.8515625 0.1625 0.17500000000000002
4 0.35859375000000004 0.8406250000000001 0.09843750000000001 0.1125
12 0.6218750000000001 0.8539062500000001 0.13125 0.1265625
