33 0.096875 0.10703125000000001 0.109375 0.1078125
8 0.371875 0.1453125 0.12187500000000001 0.140625
12 0.6046875 0.12812500000000002 0.1125 0.11875000000000001
21 0.85078125 0.11875000000000001 0.0734375 0.096875
3 0.0734375 0.35078125000000004 0.10625000000000001 0.1078125
9 0.359375 0.37890625 0.08125 0.1265625
8 0.5984375000000001 0.37031250000000004 0.125 0.125
14 0.8609375 0.3875 0.1125 0.1125
7 0.1265625 0.59609375 0.146875 0.1546875
3 0.34453125 0.59765625 0.0703125 0.0890625
7 0.60859375 0.63828125 0.0890625 0.1203125
11 0.8460937500000001 0.6328125 0.1390625 0.140625
15 0.13203125000000002 0.85078125 0.15781250000000002 0.16718750000000002
