20 0.12734375 0.15937500000000002 0.1234375 0.12812500000000002
21 0.38515625000000003 0.13593750000000002 0.1640625 0.1625
13 0.6062500000000001 0.125 0.1125 0.11875000000000001
2 0.8453125 0.10234375000000001 0.084375 0.09843750000000001
28 0.1125 0.3765625 0.096875 0.11875000000000001
19 0.36328125 0.37031250000000004 0.1046875 0.1125
0 0.565625 0.35000000000000003 0.10312500000000001 0.10625000000000001
7 0.8515625 0.36640625000000004 0.07187500000000001 0.11406250000000001
17 0.12265625000000001 0.6078125000000001 0.1390625 0.12812500000000002
13 0.32656250000000003 0.5890625 0.11875000000000001 0.12187500000000001
13 0.6429687500000001 0.6390625000000001 0.1453125 0.15000000000000002
15 0.86328125 0.5875 0.1015625 0.10625000000000001
17 0.12109375 0.85078125 0.1296875 0.1046875
32 0.3828125 0.90625 0.184375 0.1625
5 0.61640625 0.8773437500000001 0.1078125 0.1203125
34 0.8718750000000001 0.8546875 0.15000000000000002 0.140625
