30 0.12812500000000002 0.10703125000000001 0.125 0.1265625
10 0.35234375 0.096875 0.1078125 0.1125
0 0.57421875 0.08671875000000001 0.08281250000000001 0.0921875
6 0.8703125 0.15390625000000002 0.125 0.15156250000000002
7 0.1125 0.32109375 0.09062500000000001 0.1078125
9 0.38671875 0.321875 0.09843750000000001 0.09375
0 0.60859375 0.36875 0.1546875 0.1625
9 0.8617187500000001 0.3984375 0.1265625 0.15000000000000002
31 0.1078125 0.625 0.1375 0.14375000000000002
18 0.30703125000000003 0.61875 0.0890625 0.078125
11 0.6218750000000001 0.61484375 0.14375000000000002 0.1453125
