9 0.11640625 0.10703125000000001 0.1265625 0.1296875
32 0.36640625000000004 0.10312500000000001 0.11406250000000001 0.115625
16 0.625 0.14921875 0.184375 0.1859375
0 0.8773437500000001 0.09375 0.1046875 0.1
1 0.1125 0.328125 0.096875 0.10312500000000001
20 0.375 0.3796875 0.1375 0.12812500000000002
10 0.6171875 0.3875 0.12812500000000002 0.15000000000000002
14 0.86875 0.37265625 0.134375 0.1390625
31 0.125 0.6062500000000001 0.15937500000000002 0.16562500000000002
28 0.37578125 0.603125 0.1203125 0.11875000000000001
6 0.6312500000000001 0.6335937500000001 0.1375 0.1640625
22 0.8875000000000001 0.55703125 0.096875 0.09531250000000001
4 0.10078125 0.8765625 0.1328125 0.1375
