19 0.07265625 0.096875 0.09531250000000001 0.096875
20 0.3296875 0.10703125000000001 0.109375 0.11093750000000001
12 0.6109375 0.0859375 0.12187500000000001 0.1375
3 0.84921875 0.1296875 0.11093750000000001 0.109375
2 0.13125 0.32265625000000003 0.10625000000000001 0.1078125
8 0.37578125 0.40859375000000003 0.1453125 0.1703125
9 0.6023437500000001 0.34609375000000003 0.09843750000000001 0.09531250000000001
29 0.8640625000000001 0.37265625 0.109375 0.1171875
33 0.11796875000000001 0.603125 0.1265625 0.125
3 0.35703125 0.6234375000000001 0.1046875 0.140625
