17 0.11953125 0.096875 0.1015625 0.12187500000000001
4 0.3484375 0.12578125 0.140625 0.1453125
10 0.61484375 0.11093750000000001 0.1328125 0.1375
3 0.84765625 0.06875 0.051562500000000004 0.078125
35 0.11640625 0.36484375 0.1390625 0.1390625
4 0.33437500000000003 0.328125 0.084375 0.09375
0 0.59140625 0.36484375 0.0859375 0.1015625
31 0.8679687500000001 0.33437500000000003 0.11406250000000001 0.115625
14 0.1328125 0.6359375 0.153125 0.153125
19 0.36015625 0.58046875 0.0890625 0.1046875
11 0.62890625 0.6203125 0.1421875 0.12812500000000002
6 0.8617187500000001 0.5640625 0.08281250000000001 0.096875
12 0.1265625 0.8421875000000001 0.12187500000000001 0.12187500000000001
