14 0.10625000000000001 0.12109375 0.1125 0.1203125
20 0.38515625000000003 0.09140625000000001 0.1484375 0.1484375
6 0.6273437500000001 0.13671875 0.1390625 0.1390625
25 0.8640625000000001 0.1390625 0.10625000000000001 0.10312500000000001
1 0.11953125 0.33828125000000003 0.1203125 0.1328125
4 0.34218750000000003 0.39453125 0.1375 0.1546875
0 0.5906250000000001 0.3296875 0.0625 0.084375
11 0.88046875 0.37265625 0.1703125 0.1703125
13 0.1203125 0.6218750000000001 0.1375 0.134375
16 0.38515625000000003 0.6015625 0.1921875 0.19375
1 0.5984375000000001 0.6273437500000001 0.084375 0.0921875
35 0.84296875 0.6000000000000001 0.09843750000000001 0.1125
6 0.09609375 0.8679687500000001 0.1203125 0.1265625
13 0.37343750000000003 0.8734375000000001 0.16562500000000002 0.15937500000000002
28 0.58046875 0.84921875 0.1171875 0.1265625
