23 0.12109375 0.08984375 0.1234375 0.1203125
34 0.3515625 0.12109375 0.125 0.1296875
30 0.64765625 0.1328125 0.18906250000000002 0.1875
32 0.84765625 0.1296875 0.1078125 0.10625000000000001
3 0.1078125 0.3984375 0.10625000000000001 0.12812500000000002
18 0.37812500000000004 0.4265625 0.1125 0.115625
34 0.64609375 0.3953125 0.1171875 0.134375
34 0.8773437500000001 0.37031250000000004 0.1796875 0.184375
23 0.10078125 0.634375 0.07968750000000001 0.109375
21 0.36484375 0.6156250000000001 0.13593750000000002 0.125
