15 0.10625000000000001 0.13515625 0.08750000000000001 0.09531250000000001
11 0.38906250000000003 0.125 0.178125 0.18125000000000002
34 0.5984375000000001 0.12734375 0.11875000000000001 0.1171875
16 0.8656250000000001 0.16562500000000002 0.19375 0.19375
34 0.1125 0.36328125 0.140625 0.1484375
8 0.36484375 0.3984375 0.1390625 0.15000000000000002
20 0.6195312500000001 0.33984375 0.11406250000000001 0.11406250000000001
14 0.8703125 0.33437500000000003 0.096875 0.096875
0 0.10390625 0.6000000000000001 0.11093750000000001 0.10312500000000001
8 0.38593750000000004 0.6335937500000001 0.17500000000000002 0.1796875
6 0.59609375 0.60703125 0.08281250000000001 0.1015625
