1 0.11875000000000001 0.15000000000000002 0.08125 0.12187500000000001
2 0.36562500000000003 0.10546875 0.12812500000000002 0.1234375
13 0.59375 0.09062500000000001 0.08750000000000001 0.09062500000000001
11 0.8734375000000001 0.14453125 0.134375 0.1296875
7 0.1015625 0.36484375 0.1125 0.1390625
19 0.35546875 0.3765625 0.1078125 0.109375
4 0.6156250000000001 0.35703125 0.13125 0.1390625
6 0.884375 0.40156250000000004 0.1375 0.153125
26 0.1015625 0.6328125 0.14375000000000002 0.146875
10 0.3671875 0.6335937500000001 0.134375 0.1390625
8 0.6195312500000001 0.6484375 0.1328125 0.12812500000000002
31 0.8656250000000001 0.6203125 0.08750000000000001 0.096875
4 0.1296875 0.84921875 0.15937500000000002 0.1609375
16 0.35078125000000004 0.853125 0.0765625 0.08125
27 0.6234375000000001 0.8601562500000001 0.11875000000000001 0.1203125
2 0.8453125 0.8757812500000001 0.115625 0.1234375
