23 0.08515625 0.11171875 0.09843750000000001 0.09843750000000001
7 0.31953125000000004 0.08359375000000001 0.08281250000000001 0.09531250000000001
35 0.6062500000000001 0.13203125000000002 0.10625000000000001 0.1171875
34 0.8796875000000001 0.08359375000000001 0.15625 0.1640625
10 0.13359375 0.3453125 0.1234375 0.12187500000000001
19 0.35703125 0.390625 0.1765625 0.184375
24 0.59921875 0.36953125000000003 0.1296875 0.1296875
2 0.8617187500000001 0.33046875000000003 0.08281250000000001 0.0921875
28 0.09296875 0.5632812500000001 0.0546875 0.08281250000000001
19 0.38046875 0.5796875 0.11406250000000001 0.109375
17 0.6078125000000001 0.62265625 0.1375 0.1390625
28 0.87265625 0.5671875000000001 0.09531250000000001 0.10625000000000001
