27 0.109375 0.10312500000000001 0.109375 0.109375
16 0.36796875 0.10234375000000001 0.1296875 0.1296875
13 0.6375000000000001 0.08828125 0.12812500000000002 0.1296875
12 0.8656250000000001 0.11328125 0.140625 0.1390625
33 0.11875000000000001 0.40703125 0.17500000000000002 0.1703125
8 0.359375 0.38671875 0.109375 0.1203125
27 0.64375 0.375 0.178125 0.178125
0 0.84296875 0.34609375000000003 0.060937500000000006 0.07968750000000001
31 0.1078125 0.61328125 0.134375 0.1328125
14 0.33828125000000003 0.6296875000000001 0.09843750000000001 0.1
16 0.596875 0.62265625 0.115625 0.1421875
