7 0.1421875 0.13593750000000002 0.146875 0.146875
25 0.38203125000000004 0.10546875 0.16718750000000002 0.16718750000000002
1 0.60703125 0.11171875 0.1078125 0.1265625
20 0.8773437500000001 0.11484375000000001 0.1609375 0.1484375
14 0.06875 0.34921875 0.11875000000000001 0.1171875
5 0.3671875 0.3515625 0.1125 0.115625
7 0.6078125000000001 0.36250000000000004 0.09062500000000001 0.109375
33 0.86328125 0.36171875000000003 0.1296875 0.1296875
31 0.153125 0.6265625 0.13125 0.15000000000000002
35 0.38046875 0.6023437500000001 0.15156250000000002 0.15156250000000002
12 0.6234375000000001 0.6273437500000001 0.153125 0.16718750000000002
11 0.8382812500000001 0.57734375 0.09843750000000001 0.1015625
10 0.12578125 0.89453125 0.1390625 0.1421875
4 0.36015625 0.8734375000000001 0.1046875 0.12812500000000002
