6 0.13515625 0.1078125 0.1421875 0.1375
11 0.37343750000000003 0.1296875 0.16562500000000002 0.16562500000000002
7 0.64765625 0.13515625 0.15781250000000002 0.16718750000000002
33 0.87265625 0.065625 0.09531250000000001 0.09375
3 0.0890625 0.3671875 0.115625 0.115625
33 0.37109375 0.35078125000000004 0.1640625 0.1609375
8 0.6492187500000001 0.3328125 0.1171875 0.115625
21 0.8500000000000001 0.36796875 0.065625 0.0765625
28 0.13125 0.6468750000000001 0.1375 0.140625
13 0.38046875 0.6335937500000001 0.15781250000000002 0.15781250000000002
15 0.6015625 0.628125 0.10625000000000001 0.115625
10 0.84765625 0.58984375 0.11093750000000001 0.1078125
