9 0.10625000000000001 0.09843750000000001 0.078125 0.109375
2 0.34453125 0.11796875000000001 0.1203125 0.13593750000000002
16 0.5984375000000001 0.12187500000000001 0.12187500000000001 0.12187500000000001
9 0.8671875 0.16718750000000002 0.1125 0.15000000000000002
14 0.12578125 0.41015625 0.1046875 0.1390625
0 0.34218750000000003 0.3328125 0.09062500000000001 0.109375
27 0.603125 0.37265625 0.115625 0.11406250000000001
2 0.8671875 0.37265625 0.14375000000000002 0.15781250000000002
21 0.13203125000000002 0.6015625 0.1484375 0.15000000000000002
13 0.36796875 0.61875 0.1265625 0.1375
5 0.59375 0.6156250000000001 0.09375 0.109375
