7 0.1234375 0.12812500000000002 0.12187500000000001 0.13125
7 0.35546875 0.1203125 0.1421875 0.14375000000000002
12 0.6265625 0.14609375 0.140625 0.1421875
22 0.86640625 0.06328125 0.09843750000000001 0.09531250000000001
7 0.0890625 0.37109375 0.1125 0.1171875
12 0.36875 0.36250000000000004 0.12187500000000001 0.12187500000000001
4 0.6171875 0.33046875000000003 0.08750000000000001 0.09843750000000001
27 0.8765625 0.34765625 0.11875000000000001 0.1171875
0 0.12812500000000002 0.5945312500000001 0.125 0.13593750000000002
18 0.37890625 0.665625 0.1328125 0.12812500000000002
