18 0.08671875000000001 0.11093750000000001 0.11406250000000001 0.1125
24 0.37421875000000004 0.10703125000000001 0.13593750000000002 0.1453125
2 0.6015625 0.13593750000000002 0.10312500000000001 0.10625000000000001
13 0.8796875000000001 0.153125 0.125 0.125
13 0.1125 0.34687500000000004 0.096875 0.12812500000000002
23 0.35078125000000004 0.37031250000000004 0.1203125 0.12187500000000001
28 0.59609375 0.32343750000000004 0.0890625 0.10312500000000001
14 0.8546875 0.36328125 0.1 0.1078125
18 0.08828125 0.6023437500000001 0.07968750000000001 0.09843750000000001
5 0.35390625000000003 0.61328125 0.1546875 0.15156250000000002
27 0.634375 0.6171875 0.17500000000000002 0.17500000000000002
5 0.8515625 0.61875 0.125 0.12187500000000001
30 0.1234375 0.8421875000000001 0.171875 0.17500000000000002
27 0.36562500000000003 0.8859375 0.125 0.12187500000000001
10 0.6179687500000001 0.8734375000000001 0.1703125 0.171875
15 0.84140625 0.84921875 0.06406250000000001 0.1078125
