23 0.13203125000000002 0.1296875 0.1484375 0.14375000000000002
1 0.34375 0.13828125 0.15625 0.1546875
25 0.6257812500000001 0.1078125 0.1453125 0.14375000000000002
35 0.8609375 0.10546875 0.15000000000000002 0.1546875
8 0.08984375 0.38046875 0.0703125 0.0921875
19 0.34453125 0.37734375000000003 0.0765625 0.1390625
25 0.63046875 0.39296875000000003 0.1609375 0.1609375
23 0.884375 0.34218750000000003 0.1125 0.109375
16 0.1328125 0.6062500000000001 0.146875 0.146875
30 0.371875 0.5867187500000001 0.1 0.09843750000000001
21 0.6140625000000001 0.59765625 0.08125 0.1171875
15 0.8453125 0.6171875 0.134375 0.12812500000000002
11 0.1265625 0.89375 0.134375 0.134375
9 0.33671875 0.8406250000000001 0.0921875 0.1
12 0.60859375 0.86484375 0.15781250000000002 0.15781250000000002
