6 0.12421875 0.15234375 0.1046875 0.1390625
2 0.340625 0.11015625000000001 0.1125 0.1171875
13 0.62265625 0.12734375 0.1546875 0.1609375
35 0.86484375 0.09921875000000001 0.1203125 0.1171875
4 0.11328125 0.40546875000000004 0.1078125 0.1390625
27 0.3609375 0.39453125 0.1375 0.1328125
10 0.60703125 0.359375 0.1046875 0.10312500000000001
14 0.8546875 0.36953125000000003 0.11875000000000001 0.1203125
5 0.1265625 0.6492187500000001 0.146875 0.1703125
18 0.33828125000000003 0.6078125000000001 0.09531250000000001 0.134375
21 0.6273437500000001 0.60546875 0.13593750000000002 0.13593750000000002
21 0.8406250000000001 0.6125 0.11875000000000001 0.11875000000000001
6 0.1078125 0.89765625 0.125 0.1640625
