4 0.11015625000000001 0.125 0.1546875 0.15000000000000002
0 0.39609375 0.06640625 0.11406250000000001 0.11093750000000001
14 0.6453125000000001 0.10703125000000001 0.16875 0.17343750000000002
35 0.8460937500000001 0.09531250000000001 0.09843750000000001 0.109375
0 0.1171875 0.36796875 0.078125 0.1234375
35 0.35000000000000003 0.34765625 0.11875000000000001 0.1234375
3 0.6234375000000001 0.34765625 0.125 0.1421875
17 0.890625 0.38046875 0.14375000000000002 0.1453125
20 0.11953125 0.59296875 0.1703125 0.16718750000000002
14 0.35703125 0.6265625 0.07968750000000001 0.10625000000000001
