22 0.11406250000000001 0.12734375 0.12187500000000001 0.1234375
16 0.32421875 0.109375 0.11406250000000001 0.1125
6 0.59296875 0.1171875 0.09843750000000001 0.10625000000000001
14 0.878125 0.14140625 0.15000000000000002 0.15156250000000002
3 0.11406250000000001 0.32656250000000003 0.09062500000000001 0.1
27 0.353125 0.359375 0.059375000000000004 0.1125
10 0.6015625 0.3296875 0.11875000000000001 0.12187500000000001
33 0.8765625 0.34921875 0.14375000000000002 0.1390625
8 0.12734375 0.6453125000000001 0.1296875 0.134375
27 0.34609375000000003 0.6234375000000001 0.1234375 0.125
24 0.61875 0.6023437500000001 0.134375 0.1390625
5 0.8523437500000001 0.60859375 0.11406250000000001 0.1296875
