11 0.14296875 0.1390625 0.1546875 0.15000000000000002
6 0.37421875000000004 0.16562500000000002 0.1234375 0.15937500000000002
20 0.65390625 0.07734375 0.1390625 0.1328125
18 0.8406250000000001 0.1296875 0.109375 0.12187500000000001
19 0.1328125 0.3484375 0.13125 0.1375
1 0.35468750000000004 0.32343750000000004 0.084375 0.09375
1 0.62265625 0.37109375 0.0859375 0.13593750000000002
1 0.86328125 0.4 0.11093750000000001 0.10625000000000001
5 0.10546875 0.6015625 0.11406250000000001 0.1125
18 0.37109375 0.60703125 0.11093750000000001 0.1203125
2 0.6023437500000001 0.60546875 0.1640625 0.16718750000000002
35 0.8734375000000001 0.6312500000000001 0.15937500000000002 0.15937500000000002
15 0.10234375000000001 0.8921875 0.1328125 0.14375000000000002
