14 0.12734375 0.06328125 0.0921875 0.09531250000000001
17 0.3609375 0.13046875 0.115625 0.13593750000000002
6 0.625 0.13125 0.11875000000000001 0.153125
22 0.86328125 0.08203125 0.09531250000000001 0.09531250000000001
23 0.12265625000000001 0.353125 0.1390625 0.140625
25 0.35468750000000004 0.36796875 0.1125 0.1171875
3 0.59609375 0.3125 0.06406250000000001 0.08750000000000001
21 0.8546875 0.35468750000000004 0.10312500000000001 0.12187500000000001
6 0.1078125 0.6312500000000001 0.15625 0.15000000000000002
14 0.33906250000000004 0.6140625000000001 0.1125 0.1125
23 0.6117187500000001 0.634375 0.11406250000000001 0.115625
