20 0.12109375 0.1203125 0.13593750000000002 0.12187500000000001
17 0.321875 0.10546875 0.10312500000000001 0.1046875
35 0.609375 0.10234375000000001 0.08750000000000001 0.0859375
5 0.8562500000000001 0.10078125 0.08750000000000001 0.11406250000000001
28 0.12109375 0.37890625 0.16718750000000002 0.1640625
25 0.35390625000000003 0.390625 0.1296875 0.1375
15 0.61484375 0.3796875 0.11406250000000001 0.11875000000000001
33 0.8578125000000001 0.33125000000000004 0.096875 0.084375
23 0.1078125 0.6078125000000001 0.10625000000000001 0.10625000000000001
31 0.40390625 0.58046875 0.1265625 0.1265625
31 0.6195312500000001 0.6218750000000001 0.1421875 0.153125
35 0.8562500000000001 0.61328125 0.09375 0.09531250000000001
3 0.10390625 0.88984375 0.11406250000000001 0.1234375
21 0.34921875 0.859375 0.08281250000000001 0.09062500000000001
27 0.61484375 0.8562500000000001 0.1296875 0.12812500000000002
31 0.89765625 0.85859375 0.1453125 0.15781250000000002
