17 0.08515625 0.09765625 0.1078125 0.11093750000000001
0 0.35234375 0.09609375 0.0703125 0.1015625
14 0.6351562500000001 0.11875000000000001 0.1796875 0.178125
20 0.8695312500000001 0.08046875 0.1078125 0.1078125
21 0.13046875 0.39921875 0.1390625 0.1484375
31 0.34453125 0.36796875 0.07968750000000001 0.0765625
27 0.64375 0.3125 0.10625000000000001 0.10625000000000001
0 0.8656250000000001 0.340625 0.09375 0.10625000000000001
27 0.13203125000000002 0.6359375 0.17343750000000002 0.17500000000000002
5 0.36484375 0.6125 0.09531250000000001 0.14375000000000002
4 0.59765625 0.625 0.1421875 0.1375
24 0.88828125 0.5796875 0.1203125 0.12187500000000001
