13 0.1265625 0.14453125 0.140625 0.1421875
25 0.36328125 0.153125 0.1296875 0.125
20 0.5890625 0.09062500000000001 0.12812500000000002 0.125
14 0.8484375000000001 0.1078125 0.109375 0.1125
21 0.1171875 0.375 0.09375 0.140625
25 0.36562500000000003 0.36640625000000004 0.12812500000000002 0.1265625
30 0.60703125 0.32890625 0.0921875 0.0921875
33 0.8539062500000001 0.33437500000000003 0.0890625 0.078125
19 0.08828125 0.60078125 0.0734375 0.09843750000000001
17 0.38046875 0.58984375 0.11093750000000001 0.1046875
3 0.6125 0.64765625 0.09062500000000001 0.13593750000000002
15 0.859375 0.6257812500000001 0.134375 0.13593750000000002
5 0.11484375000000001 0.84375 0.09531250000000001 0.115625
20 0.35078125000000004 0.87109375 0.1046875 0.1046875
31 0.609375 0.87421875 0.134375 0.1265625
4 0.8671875 0.8812500000000001 0.109375 0.1375
