25 0.11406250000000001 0.14453125 0.1125 0.1265625
18 0.31640625 0.12890625 0.0703125 0.0734375
20 0.63046875 0.11171875 0.1390625 0.1390625
10 0.86484375 0.08203125 0.1046875 0.1015625
0 0.109375 0.36875 0.12812500000000002 0.140625
4 0.36875 0.3875 0.109375 0.140625
7 0.6101562500000001 0.32421875 0.06406250000000001 0.08281250000000001
1 0.84375 0.37343750000000003 0.125 0.134375
23 0.12265625000000001 0.58984375 0.1078125 0.1234375
30 0.34921875 0.63203125 0.0890625 0.0921875
35 0.63984375 0.63984375 0.16718750000000002 0.16718750000000002
9 0.87421875 0.65234375 0.1203125 0.1453125
1 0.14140625 0.8148437500000001 0.0890625 0.0921875
33 0.36640625000000004 0.8859375 0.1203125 0.134375
31 0.62421875 0.8328125000000001 0.1234375 0.12812500000000002
27 0.8500000000000001 0.85859375 0.140625 0.1390625
