10 0.10859375 0.14140625 0.0859375 0.1265625
14 0.3515625 0.084375 0.07187500000000001 0.08125
12 0.63828125 0.096875 0.1546875 0.16562500000000002
6 0.86640625 0.1078125 0.1265625 0.15000000000000002
32 0.15156250000000002 0.33671875 0.1125 0.11406250000000001
34 0.34687500000000004 0.36015625 0.06875 0.0734375
14 0.6195312500000001 0.3984375 0.11093750000000001 0.1125
1 0.8578125000000001 0.36484375 0.1125 0.1046875
33 0.096875 0.6023437500000001 0.146875 0.1453125
23 0.35546875 0.6203125 0.0859375 0.115625
