19 0.10703125000000001 0.146875 0.1640625 0.171875
20 0.36562500000000003 0.11328125 0.134375 0.1234375
0 0.5921875 0.11328125 0.10312500000000001 0.11093750000000001
19 0.8562500000000001 0.12734375 0.1 0.1015625
20 0.1015625 0.359375 0.078125 0.08125
0 0.37109375 0.34609375000000003 0.1421875 0.1453125
4 0.62109375 0.37031250000000004 0.1046875 0.125
6 0.85703125 0.35078125000000004 0.09843750000000001 0.11406250000000001
3 0.10390625 0.6062500000000001 0.1265625 0.140625
3 0.36953125000000003 0.6234375000000001 0.1296875 0.140625
24 0.6273437500000001 0.6171875 0.11406250000000001 0.11875000000000001
3 0.8523437500000001 0.625 0.1015625 0.10625000000000001
15 0.09140625000000001 0.84296875 0.1203125 0.1234375
