4 0.1125 0.10078125 0.13125 0.13593750000000002
18 0.35234375 0.10859375 0.0765625 0.0859375
9 0.6015625 0.12812500000000002 0.1625 0.1625
6 0.85859375 0.1328125 0.1328125 0.146875
11 0.15390625000000002 0.32656250000000003 0.11406250000000001 0.109375
14 0.35703125 0.371875 0.1171875 0.1125
27 0.634375 0.3875 0.15000000000000002 0.15000000000000002
28 0.8757812500000001 0.34218750000000003 0.1328125 0.14375000000000002
31 0.1 0.6078125000000001 0.12187500000000001 0.13125
12 0.34687500000000004 0.6390625000000001 0.134375 0.153125
31 0.6039062500000001 0.61484375 0.11406250000000001 0.11093750000000001
5 0.8656250000000001 0.5875 0.1 0.115625
29 0.12734375 0.8382812500000001 0.1265625 0.1296875
12 0.36796875 0.89375 0.1328125 0.14375000000000002
32 0.6421875 0.8890625000000001 0.15937500000000002 0.146875
