3 0.0734375 0.08984375 0.08125 0.09531250000000001
14 0.36328125 0.16328125000000002 0.0890625 0.1390625
4 0.61484375 0.08281250000000001 0.07968750000000001 0.10625000000000001
11 0.8921875 0.0890625 0.13125 0.13125
21 0.06796875000000001 0.35546875 0.1046875 0.1046875
21 0.3515625 0.33906250000000004 0.07500000000000001 0.084375
0 0.5921875 0.35234375 0.12187500000000001 0.1328125
7 0.8515625 0.35234375 0.09375 0.1046875
19 0.1203125 0.6296875000000001 0.15937500000000002 0.16875
35 0.353125 0.5578125 0.06875 0.09062500000000001
28 0.62265625 0.56171875 0.0890625 0.09843750000000001
8 0.84296875 0.62109375 0.060937500000000006 0.0890625
22 0.12421875 0.915625 0.2078125 0.20625000000000002
16 0.37109375 0.8679687500000001 0.16718750000000002 0.16718750000000002
27 0.5984375000000001 0.8796875000000001 0.14375000000000002 0.146875
