10 0.11406250000000001 0.09531250000000001 0.109375 0.109375
19 0.36875 0.1046875 0.109375 0.1125
16 0.60703125 0.1171875 0.1234375 0.125
22 0.8500000000000001 0.07578125000000001 0.1625 0.15156250000000002
4 0.11640625 0.37421875000000004 0.11406250000000001 0.1265625
9 0.3203125 0.35781250000000003 0.08125 0.09375
33 0.64765625 0.34453125 0.1703125 0.16718750000000002
3 0.8460937500000001 0.35078125000000004 0.0890625 0.1078125
3 0.10078125 0.61875 0.15781250000000002 0.153125
23 0.37265625 0.6062500000000001 0.1328125 0.146875
