12 0.09375 0.11875000000000001 0.13125 0.12812500000000002
2 0.35781250000000003 0.13046875 0.11875000000000001 0.1421875
16 0.60078125 0.1265625 0.13593750000000002 0.153125
17 0.82734375 0.11171875 0.1046875 0.1046875
6 0.10625000000000001 0.390625 0.11875000000000001 0.1125
28 0.37734375000000003 0.37343750000000003 0.1859375 0.184375
31 0.61875 0.40390625 0.1875 0.16718750000000002
28 0.8421875000000001 0.36640625000000004 0.12187500000000001 0.1203125
33 0.08828125 0.61328125 0.0890625 0.1015625
1 0.34609375000000003 0.6421875 0.1078125 0.1375
21 0.578125 0.5890625 0.10312500000000001 0.10625000000000001
1 0.8718750000000001 0.6296875000000001 0.11875000000000001 0.140625
2 0.10546875 0.86328125 0.1078125 0.1296875
9 0.34609375000000003 0.8601562500000001 0.1015625 0.1265625
