9 0.0859375 0.1234375 0.1 0.10312500000000001
18 0.3609375 0.12265625000000001 0.1 0.1046875
34 0.6156250000000001 0.1390625 0.12812500000000002 0.12812500000000002
25 0.8500000000000001 0.09296875 0.12187500000000001 0.1296875
35 0.10546875 0.41171875 0.15156250000000002 0.15781250000000002
4 0.35000000000000003 0.3828125 0.09062500000000001 0.10312500000000001
24 0.634375 0.36015625 0.14375000000000002 0.1453125
26 0.8484375000000001 0.328125 0.12187500000000001 0.12812500000000002
28 0.1484375 0.58046875 0.13125 0.1328125
27 0.38203125000000004 0.6046875 0.1421875 0.14375000000000002
30 0.6296875000000001 0.6273437500000001 0.153125 0.1546875
5 0.8703125 0.5734375 0.084375 0.096875
4 0.12812500000000002 0.8921875 0.140625 0.1375
26 0.36328125 0.9078125 0.19843750000000002 0.19375
