20 0.14921875 0.14609375 0.22031250000000002 0.2015625
32 0.35468750000000004 0.08984375 0.08750000000000001 0.0859375
34 0.609375 0.13984375000000002 0.1625 0.16718750000000002
35 0.8625 0.11640625 0.11875000000000001 0.1265625
10 0.09140625000000001 0.37265625 0.06406250000000001 0.0890625
34 0.37265625 0.38359375 0.1453125 0.1453125
13 0.62109375 0.3765625 0.1234375 0.12187500000000001
10 0.8343750000000001 0.35859375000000004 0.11875000000000001 0.1203125
24 0.10078125 0.63203125 0.1265625 0.1296875
33 0.36015625 0.6109375 0.16718750000000002 0.171875
22 0.6179687500000001 0.6000000000000001 0.1421875 0.11875000000000001
2 0.8445312500000001 0.6218750000000001 0.11093750000000001 0.125
28 0.1046875 0.83203125 0.07187500000000001 0.0890625
5 0.3453125 0.83515625 0.065625 0.0921875
