34 0.11015625000000001 0.11328125 0.11406250000000001 0.1171875
22 0.375 0.08203125 0.13125 0.11406250000000001
35 0.62265625 0.13515625 0.1765625 0.1796875
0 0.8523437500000001 0.1265625 0.0765625 0.1
33 0.12109375 0.36640625000000004 0.1765625 0.1765625
16 0.3796875 0.34921875 0.134375 0.1328125
31 0.60078125 0.390625 0.11406250000000001 0.1375
10 0.9015625 0.38984375000000004 0.19375 0.1953125
27 0.12578125 0.6023437500000001 0.1328125 0.15156250000000002
2 0.353125 0.64375 0.10625000000000001 0.1
30 0.6234375000000001 0.6125 0.12187500000000001 0.12187500000000001
1 0.8515625 0.596875 0.046875 0.09375
23 0.10546875 0.86640625 0.1046875 0.1203125
