7 0.1125 0.10312500000000001 0.084375 0.1
15 0.3765625 0.15781250000000002 0.16875 0.17500000000000002
14 0.6000000000000001 0.1203125 0.10312500000000001 0.10625000000000001
4 0.8500000000000001 0.11875000000000001 0.1125 0.1375
2 0.10390625 0.3640625 0.1171875 0.11875000000000001
1 0.35000000000000003 0.36015625 0.115625 0.1234375
34 0.6101562500000001 0.37109375 0.1609375 0.1609375
34 0.8617187500000001 0.37812500000000004 0.1453125 0.15000000000000002
2 0.10390625 0.62109375 0.13593750000000002 0.1390625
13 0.3671875 0.6351562500000001 0.109375 0.1203125
