17 0.13046875 0.11015625000000001 0.1609375 0.1546875
25 0.3515625 0.10703125000000001 0.09062500000000001 0.09843750000000001
32 0.62109375 0.115625 0.1328125 0.13125
10 0.88203125 0.11015625000000001 0.1765625 0.1796875
14 0.1234375 0.36015625 0.115625 0.1265625
1 0.3296875 0.3640625 0.10625000000000001 0.1125
0 0.5984375000000001 0.3640625 0.1 0.11875000000000001
0 0.8515625 0.36484375 0.109375 0.1265625
5 0.1078125 0.6023437500000001 0.109375 0.1328125
19 0.36328125 0.6328125 0.1234375 0.1625
7 0.60859375 0.6328125 0.0671875 0.10312500000000001
10 0.85703125 0.6023437500000001 0.15156250000000002 0.15156250000000002
