1 0.134375 0.0921875 0.13125 0.146875
32 0.36640625000000004 0.12421875 0.1328125 0.1296875
20 0.625 0.13984375000000002 0.15000000000000002 0.16718750000000002
9 0.8671875 0.12812500000000002 0.134375 0.14375000000000002
23 0.1125 0.35390625000000003 0.125 0.1234375
33 0.359375 0.34296875000000004 0.096875 0.11093750000000001
13 0.6101562500000001 0.38046875 0.1328125 0.1390625
17 0.86875 0.34375 0.109375 0.11875000000000001
13 0.10859375 0.60546875 0.1015625 0.1078125
22 0.35703125 0.62109375 0.1484375 0.15156250000000002
26 0.63203125 0.60859375 0.17343750000000002 0.1796875
30 0.8992187500000001 0.6257812500000001 0.1765625 0.1796875
32 0.11171875 0.846875 0.1765625 0.171875
4 0.37890625 0.8460937500000001 0.1453125 0.1421875
16 0.63046875 0.8617187500000001 0.1640625 0.16718750000000002
