7 0.10703125000000001 0.12187500000000001 0.11406250000000001 0.1375
17 0.384375 0.1015625 0.140625 0.140625
11 0.59921875 0.12265625000000001 0.13593750000000002 0.13593750000000002
34 0.87265625 0.109375 0.15156250000000002 0.15000000000000002
21 0.10390625 0.35625 0.1609375 0.15937500000000002
18 0.34296875000000004 0.34687500000000004 0.09843750000000001 0.1125
9 0.63203125 0.35546875 0.1203125 0.1390625
2 0.87890625 0.31796875 0.09531250000000001 0.1078125
11 0.13984375000000002 0.6101562500000001 0.1703125 0.1765625
27 0.35781250000000003 0.61484375 0.09375 0.1390625
5 0.6312500000000001 0.62109375 0.15937500000000002 0.1546875
