14 0.09843750000000001 0.1171875 0.109375 0.12187500000000001
23 0.38125000000000003 0.14375000000000002 0.12812500000000002 0.146875
16 0.6375000000000001 0.13203125000000002 0.153125 0.1546875
10 0.8796875000000001 0.15781250000000002 0.13125 0.13125
33 0.11484375000000001 0.371875 0.11406250000000001 0.12812500000000002
4 0.34375 0.34296875000000004 0.07187500000000001 0.0921875
14 0.628125 0.36953125000000003 0.153125 0.1546875
35 0.8539062500000001 0.34296875000000004 0.1203125 0.1265625
8 0.11015625000000001 0.62421875 0.1421875 0.1484375
5 0.325 0.6078125000000001 0.10312500000000001 0.109375
7 0.6203125 0.6296875000000001 0.125 0.12187500000000001
4 0.853125 0.6257812500000001 0.08750000000000001 0.1046875
29 0.12265625000000001 0.8828125 0.1234375 0.15000000000000002
2 0.353125 0.88828125 0.1 0.1203125
9 0.59609375 0.87890625 0.0671875 0.09843750000000001
