31 0.1421875 0.15937500000000002 0.171875 0.18125000000000002
3 0.36484375 0.09531250000000001 0.1265625 0.13125
17 0.6234375000000001 0.1390625 0.1 0.12812500000000002
25 0.8421875000000001 0.09375 0.15625 0.15625
28 0.12421875 0.35781250000000003 0.13593750000000002 0.1625
3 0.34453125 0.34296875000000004 0.0578125 0.07968750000000001
16 0.6156250000000001 0.39140625 0.19375 0.1953125
24 0.87421875 0.34765625 0.1078125 0.11093750000000001
11 0.11953125 0.6328125 0.1078125 0.11875000000000001
31 0.3484375 0.6023437500000001 0.09062500000000001 0.1203125
35 0.6273437500000001 0.6585937500000001 0.1296875 0.1390625
27 0.8851562500000001 0.58984375 0.1234375 0.1234375
2 0.11484375000000001 0.90390625 0.09843750000000001 0.1421875
33 0.3640625 0.8718750000000001 0.140625 0.1375
12 0.6125 0.8921875 0.12187500000000001 0.14375000000000002
26 0.84296875 0.89453125 0.1015625 0.13593750000000002
