13 0.11796875000000001 0.11015625000000001 0.1609375 0.1609375
16 0.36015625 0.08671875000000001 0.0921875 0.11093750000000001
19 0.6062500000000001 0.1265625 0.134375 0.134375
18 0.859375 0.096875 0.08750000000000001 0.09062500000000001
5 0.12265625000000001 0.36484375 0.13593750000000002 0.1390625
14 0.3921875 0.39296875000000003 0.1625 0.16718750000000002
5 0.6156250000000001 0.33671875 0.1125 0.1421875
15 0.8625 0.3671875 0.10625000000000001 0.134375
27 0.11015625000000001 0.6140625000000001 0.0859375 0.140625
7 0.38046875 0.6195312500000001 0.1328125 0.1484375
23 0.6046875 0.6039062500000001 0.078125 0.0921875
22 0.884375 0.6015625 0.140625 0.1375
10 0.1265625 0.8656250000000001 0.184375 0.184375
33 0.3671875 0.8375 0.115625 0.12812500000000002
10 0.6312500000000001 0.8562500000000001 0.15625 0.153125
31 0.8500000000000001 0.8343750000000001 0.1125 0.12187500000000001
