11 0.134375 0.1234375 0.16875 0.178125
35 0.371875 0.10390625 0.12812500000000002 0.1296875
19 0.60859375 0.09453125000000001 0.0859375 0.0890625
11 0.8656250000000001 0.12265625000000001 0.1625 0.1609375
7 0.1296875 0.39609375 0.140625 0.1296875
13 0.38125000000000003 0.34921875 0.125 0.1265625
17 0.58125 0.340625 0.12812500000000002 0.12812500000000002
16 0.87109375 0.3765625 0.1328125 0.134375
19 0.11093750000000001 0.65234375 0.1125 0.1421875
21 0.38906250000000003 0.6328125 0.184375 0.171875
2 0.60078125 0.63203125 0.08281250000000001 0.1015625
3 0.8296875 0.58984375 0.084375 0.1078125
22 0.14921875 0.82734375 0.1453125 0.13593750000000002
6 0.35468750000000004 0.8656250000000001 0.134375 0.15625
13 0.6257812500000001 0.85703125 0.1390625 0.13593750000000002
