14 0.12109375 0.10703125000000001 0.1328125 0.1328125
20 0.3484375 0.11953125 0.115625 0.1171875
9 0.6296875000000001 0.08281250000000001 0.11875000000000001 0.115625
33 0.8718750000000001 0.12109375 0.153125 0.15156250000000002
17 0.09921875000000001 0.340625 0.1609375 0.1625
14 0.38593750000000004 0.353125 0.15625 0.16875
19 0.60859375 0.33359375 0.0921875 0.0859375
18 0.83125 0.37109375 0.059375000000000004 0.11406250000000001
4 0.11484375000000001 0.6000000000000001 0.11406250000000001 0.12187500000000001
19 0.36953125000000003 0.6625000000000001 0.1265625 0.125
24 0.63671875 0.596875 0.13593750000000002 0.134375
14 0.8773437500000001 0.65234375 0.13593750000000002 0.1296875
