26 0.09453125000000001 0.09531250000000001 0.1390625 0.146875
19 0.3765625 0.10625000000000001 0.153125 0.153125
29 0.60703125 0.10234375000000001 0.11093750000000001 0.1078125
25 0.8390625 0.1078125 0.078125 0.084375
35 0.14609375 0.31328125 0.09531250000000001 0.09531250000000001
11 0.38125000000000003 0.384375 0.12187500000000001 0.146875
4 0.5953125 0.3515625 0.05625 0.08125
8 0.8609375 0.34687500000000004 0.11875000000000001 0.12187500000000001
19 0.1046875 0.6046875 0.134375 0.13125
14 0.371875 0.57578125 0.109375 0.11093750000000001
27 0.6273437500000001 0.6062500000000001 0.1390625 0.140625
