6 0.1046875 0.11484375000000001 0.13125 0.1328125
11 0.35781250000000003 0.09609375 0.096875 0.1015625
29 0.6046875 0.12812500000000002 0.08125 0.09375
32 0.853125 0.09531250000000001 0.146875 0.1375
12 0.11953125 0.33203125 0.11093750000000001 0.1203125
18 0.38671875 0.32265625000000003 0.11093750000000001 0.1078125
20 0.61640625 0.38125000000000003 0.1296875 0.13125
8 0.87265625 0.31875000000000003 0.07968750000000001 0.09062500000000001
2 0.07734375 0.5828125000000001 0.07968750000000001 0.09375
27 0.38671875 0.58515625 0.1015625 0.1015625
