4 0.11093750000000001 0.10312500000000001 0.09375 0.13125
12 0.34375 0.11953125 0.078125 0.0859375
0 0.59765625 0.10390625 0.1234375 0.13593750000000002
4 0.88046875 0.10390625 0.1296875 0.1234375
20 0.0921875 0.36796875 0.12812500000000002 0.1265625
21 0.37421875000000004 0.3921875 0.1296875 0.13125
25 0.62421875 0.40156250000000004 0.1328125 0.14375000000000002
23 0.87890625 0.38359375 0.1609375 0.1609375
6 0.10312500000000001 0.609375 0.15000000000000002 0.16875
6 0.35859375000000004 0.628125 0.1078125 0.11875000000000001
24 0.6257812500000001 0.6156250000000001 0.1171875 0.125
24 0.8718750000000001 0.59921875 0.19687500000000002 0.19843750000000002
