2 0.059375000000000004 0.10390625 0.096875 0.09843750000000001
33 0.3484375 0.12187500000000001 0.125 0.125
10 0.6351562500000001 0.14375000000000002 0.1546875 0.15625
10 0.8421875000000001 0.09765625 0.09062500000000001 0.08281250000000001
2 0.09531250000000001 0.35078125000000004 0.125 0.1328125
2 0.36015625 0.33984375 0.08281250000000001 0.09843750000000001
3 0.609375 0.38125000000000003 0.1375 0.153125
25 0.8765625 0.34921875 0.13125 0.1390625
20 0.12265625000000001 0.6234375000000001 0.1234375 0.11875000000000001
8 0.3453125 0.63671875 0.115625 0.13593750000000002
24 0.62265625 0.584375 0.1265625 0.12812500000000002
