0 0.10546875 0.10859375 0.1171875 0.13593750000000002
23 0.37265625 0.15781250000000002 0.1078125 0.14375000000000002
18 0.6000000000000001 0.07187500000000001 0.059375000000000004 0.096875
20 0.84921875 0.09296875 0.0671875 0.0890625
6 0.115625 0.40546875000000004 0.13125 0.15781250000000002
2 0.375 0.36015625 0.14375000000000002 0.15781250000000002
16 0.596875 0.38515625000000003 0.06875 0.1046875
5 0.8625 0.38984375000000004 0.09375 0.1171875
0 0.14140625 0.5796875 0.1203125 0.1125
16 0.3640625 0.6359375 0.09375 0.109375
15 0.61484375 0.5890625 0.1046875 0.12812500000000002
28 0.878125 0.628125 0.17500000000000002 0.16562500000000002
