13 0.12812500000000002 0.10078125 0.12812500000000002 0.1328125
3 0.34765625 0.11640625 0.1171875 0.1171875
23 0.6078125000000001 0.13984375000000002 0.134375 0.1453125
27 0.8640625000000001 0.13046875 0.125 0.1234375
16 0.1234375 0.36875 0.12187500000000001 0.125
9 0.36171875000000003 0.36328125 0.1171875 0.11093750000000001
11 0.5828125000000001 0.33359375 0.1125 0.11093750000000001
4 0.8617187500000001 0.34609375000000003 0.11406250000000001 0.11093750000000001
3 0.13828125 0.56875 0.1046875 0.109375
14 0.371875 0.6390625000000001 0.12187500000000001 0.1125
15 0.58984375 0.59921875 0.0421875 0.0859375
11 0.83984375 0.59921875 0.11406250000000001 0.1171875
