32 0.15625 0.16484375 0.2 0.1953125
16 0.36796875 0.10546875 0.1421875 0.15156250000000002
10 0.6015625 0.084375 0.09062500000000001 0.1
31 0.8640625000000001 0.1421875 0.11875000000000001 0.11875000000000001
19 0.11953125 0.359375 0.1203125 0.15625
10 0.35078125000000004 0.31484375000000003 0.07968750000000001 0.0765625
13 0.634375 0.36015625 0.17500000000000002 0.1796875
21 0.85859375 0.37890625 0.1234375 0.1296875
3 0.1265625 0.628125 0.1625 0.15625
23 0.39453125 0.6414062500000001 0.1484375 0.1484375
3 0.58984375 0.61875 0.09843750000000001 0.1125
7 0.8578125000000001 0.64765625 0.096875 0.1046875
17 0.1015625 0.86328125 0.134375 0.1328125
33 0.39296875000000003 0.86328125 0.1921875 0.18906250000000002
