23 0.09453125000000001 0.1078125 0.0890625 0.08750000000000001
23 0.35859375000000004 0.12109375 0.1046875 0.1171875
18 0.6046875 0.13046875 0.084375 0.09843750000000001
2 0.8851562500000001 0.07109375 0.09531250000000001 0.09843750000000001
9 0.1015625 0.34921875 0.08750000000000001 0.11093750000000001
19 0.34218750000000003 0.3765625 0.08125 0.1125
6 0.628125 0.35625 0.12187500000000001 0.1375
20 0.8835937500000001 0.3828125 0.1546875 0.15625
28 0.10078125 0.6414062500000001 0.15781250000000002 0.1609375
18 0.35000000000000003 0.63984375 0.109375 0.1046875
26 0.5867187500000001 0.60546875 0.1484375 0.1484375
14 0.8343750000000001 0.64453125 0.153125 0.1546875
