22 0.14453125 0.09375 0.15156250000000002 0.153125
9 0.35468750000000004 0.1078125 0.08750000000000001 0.11875000000000001
10 0.62421875 0.11406250000000001 0.1484375 0.14375000000000002
3 0.85546875 0.109375 0.07968750000000001 0.1
10 0.12578125 0.328125 0.11406250000000001 0.115625
14 0.35703125 0.36562500000000003 0.1609375 0.15937500000000002
17 0.6078125000000001 0.390625 0.084375 0.09375
0 0.875 0.36875 0.1125 0.146875
23 0.10625000000000001 0.62421875 0.12187500000000001 0.1234375
1 0.36328125 0.6671875 0.1046875 0.15000000000000002
31 0.61875 0.60859375 0.125 0.09531250000000001
11 0.8835937500000001 0.60078125 0.1703125 0.1546875
