7 0.096875 0.13046875 0.09062500000000001 0.11093750000000001
25 0.35546875 0.09375 0.0921875 0.1
4 0.61484375 0.07187500000000001 0.09531250000000001 0.1125
19 0.8515625 0.15000000000000002 0.140625 0.14375000000000002
20 0.13515625 0.34140625 0.11406250000000001 0.11406250000000001
21 0.371875 0.3484375 0.1125 0.146875
11 0.603125 0.37265625 0.13125 0.1328125
31 0.8375 0.359375 0.08125 0.1
17 0.14140625 0.6203125 0.1765625 0.15000000000000002
16 0.37343750000000003 0.61484375 0.15625 0.15781250000000002
5 0.6125 0.6359375 0.13125 0.13125
18 0.8375 0.625 0.07500000000000001 0.09062500000000001
26 0.140625 0.84765625 0.14375000000000002 0.1546875
