8 0.10703125000000001 0.11093750000000001 0.1234375 0.140625
0 0.34687500000000004 0.10390625 0.09375 0.1203125
13 0.60078125 0.07187500000000001 0.0890625 0.084375
3 0.8328125000000001 0.12578125 0.09375 0.09843750000000001
25 0.09296875 0.37265625 0.051562500000000004 0.0890625
4 0.36171875000000003 0.36640625000000004 0.16718750000000002 0.1609375
2 0.6125 0.35859375000000004 0.109375 0.1421875
1 0.8515625 0.39921875 0.09375 0.1015625
19 0.08046875 0.63046875 0.1203125 0.11093750000000001
16 0.39609375 0.6078125000000001 0.15781250000000002 0.15937500000000002
4 0.596875 0.6062500000000001 0.078125 0.1
1 0.8367187500000001 0.6125 0.1015625 0.10312500000000001
9 0.1 0.87890625 0.06875 0.1046875
5 0.34765625 0.87890625 0.1546875 0.1546875
30 0.6078125000000001 0.8929687500000001 0.10625000000000001 0.1203125
13 0.8375 0.8500000000000001 0.125 0.125
