33 0.08515625 0.14609375 0.1453125 0.1390625
14 0.38906250000000003 0.11796875000000001 0.1375 0.1421875
18 0.58203125 0.09140625000000001 0.0203125 0.1171875
22 0.8328125000000001 0.1078125 0.11875000000000001 0.11875000000000001
3 0.1 0.35625 0.0625 0.09062500000000001
18 0.35390625000000003 0.3515625 0.0734375 0.08750000000000001
34 0.6421875 0.39140625 0.16875 0.1703125
9 0.84765625 0.38828125 0.0703125 0.09843750000000001
10 0.10859375 0.6375000000000001 0.1203125 0.115625
2 0.34453125 0.60859375 0.1078125 0.1296875
