15 0.1234375 0.084375 0.11875000000000001 0.12187500000000001
23 0.38906250000000003 0.140625 0.153125 0.15000000000000002
1 0.6015625 0.13828125 0.09062500000000001 0.1296875
14 0.8773437500000001 0.09609375 0.1421875 0.13593750000000002
32 0.11640625 0.34296875000000004 0.1046875 0.1046875
6 0.36328125 0.31953125000000004 0.08281250000000001 0.09531250000000001
27 0.58515625 0.34687500000000004 0.1203125 0.11875000000000001
33 0.8953125000000001 0.3171875 0.1125 0.1125
20 0.1421875 0.6203125 0.18125000000000002 0.18125000000000002
11 0.35468750000000004 0.62109375 0.11875000000000001 0.1203125
17 0.6453125000000001 0.6312500000000001 0.178125 0.178125
18 0.84921875 0.6015625 0.060937500000000006 0.07500000000000001
