3 0.07734375 0.109375 0.1203125 0.12187500000000001
0 0.34375 0.12187500000000001 0.059375000000000004 0.09062500000000001
16 0.61875 0.11015625000000001 0.1 0.1171875
7 0.86484375 0.11484375000000001 0.1234375 0.1265625
18 0.078125 0.32421875 0.021875000000000002 0.0921875
18 0.36328125 0.3828125 0.09531250000000001 0.11875000000000001
18 0.5921875 0.38046875 0.115625 0.1453125
2 0.85703125 0.3953125 0.0890625 0.125
2 0.115625 0.60546875 0.115625 0.1171875
3 0.36328125 0.59921875 0.1015625 0.09843750000000001
28 0.6023437500000001 0.5625 0.0703125 0.09375
33 0.88828125 0.5789062500000001 0.1265625 0.1234375
