25 0.11640625 0.11484375000000001 0.1421875 0.1546875
16 0.34296875000000004 0.1046875 0.06406250000000001 0.096875
9 0.5789062500000001 0.11875000000000001 0.0703125 0.08750000000000001
35 0.85703125 0.08671875000000001 0.0890625 0.1015625
27 0.11484375000000001 0.38046875 0.1296875 0.1265625
17 0.375 0.359375 0.140625 0.140625
33 0.60546875 0.33125000000000004 0.07968750000000001 0.084375
0 0.86640625 0.39609375 0.1078125 0.1453125
24 0.10625000000000001 0.61328125 0.15937500000000002 0.15781250000000002
17 0.37734375000000003 0.6273437500000001 0.13593750000000002 0.1234375
4 0.6140625000000001 0.6468750000000001 0.125 0.12812500000000002
4 0.8617187500000001 0.6515625 0.1078125 0.10625000000000001
