11 0.11796875000000001 0.12265625000000001 0.1484375 0.15156250000000002
10 0.35625 0.09296875 0.07500000000000001 0.1203125
4 0.6156250000000001 0.10234375000000001 0.109375 0.11093750000000001
29 0.8796875000000001 0.08281250000000001 0.096875 0.10625000000000001
9 0.09531250000000001 0.31875000000000003 0.0625 0.09062500000000001
4 0.33906250000000004 0.35234375 0.05625 0.07968750000000001
1 0.59765625 0.35390625000000003 0.1171875 0.1234375
25 0.85859375 0.35078125000000004 0.1015625 0.1015625
17 0.14453125 0.6171875 0.16718750000000002 0.1625
24 0.34921875 0.58984375 0.13593750000000002 0.13593750000000002
26 0.6109375 0.64453125 0.16562500000000002 0.1640625
22 0.89765625 0.6375000000000001 0.20468750000000002 0.2
33 0.11953125 0.87109375 0.15781250000000002 0.16718750000000002
35 0.3765625 0.8445312500000001 0.109375 0.1203125
