19 0.09609375 0.125 0.1421875 0.15625
4 0.34765625 0.13593750000000002 0.0921875 0.11875000000000001
17 0.60703125 0.12812500000000002 0.1265625 0.12187500000000001
34 0.8500000000000001 0.0859375 0.1 0.096875
20 0.140625 0.40937500000000004 0.13125 0.12187500000000001
35 0.321875 0.353125 0.10312500000000001 0.10312500000000001
7 0.6296875000000001 0.35468750000000004 0.09062500000000001 0.1125
17 0.86875 0.375 0.115625 0.125
16 0.11640625 0.60078125 0.1390625 0.13593750000000002
33 0.37578125 0.6078125000000001 0.1328125 0.12812500000000002
24 0.628125 0.6015625 0.13125 0.134375
21 0.8859375 0.6203125 0.1875 0.19062500000000002
21 0.11015625000000001 0.8851562500000001 0.1703125 0.1640625
9 0.35703125 0.8875000000000001 0.1015625 0.1
6 0.6195312500000001 0.8125 0.0765625 0.09375
13 0.82421875 0.8562500000000001 0.1046875 0.10625000000000001
