2 0.13515625 0.15078125 0.1484375 0.1546875
6 0.3671875 0.13828125 0.14375000000000002 0.15156250000000002
7 0.5859375 0.11093750000000001 0.115625 0.1125
0 0.8671875 0.11406250000000001 0.125 0.15000000000000002
18 0.057031250000000006 0.37031250000000004 0.0734375 0.07187500000000001
27 0.39609375 0.3796875 0.1765625 0.178125
5 0.6156250000000001 0.33437500000000003 0.09375 0.10312500000000001
18 0.846875 0.34453125 0.084375 0.0890625
2 0.10546875 0.62890625 0.1296875 0.1328125
13 0.384375 0.6000000000000001 0.140625 0.153125
26 0.61640625 0.6429687500000001 0.11093750000000001 0.13593750000000002
22 0.87421875 0.60703125 0.17343750000000002 0.17343750000000002
17 0.10390625 0.8296875 0.1046875 0.096875
