25 0.125 0.14765625000000002 0.134375 0.13593750000000002
16 0.35546875 0.134375 0.20468750000000002 0.203125
14 0.6312500000000001 0.12734375 0.171875 0.17343750000000002
21 0.86328125 0.12578125 0.13593750000000002 0.13593750000000002
31 0.1171875 0.36953125000000003 0.140625 0.1296875
16 0.35468750000000004 0.38046875 0.09062500000000001 0.1265625
13 0.61640625 0.3796875 0.1328125 0.134375
4 0.8578125000000001 0.36875 0.10312500000000001 0.11875000000000001
4 0.08984375 0.58046875 0.0859375 0.1078125
16 0.3671875 0.6507812500000001 0.11875000000000001 0.1265625
2 0.640625 0.56953125 0.11875000000000001 0.1203125
33 0.8656250000000001 0.61484375 0.15000000000000002 0.15781250000000002
