4 0.10625000000000001 0.109375 0.08750000000000001 0.1125
2 0.36015625 0.13046875 0.1640625 0.16718750000000002
29 0.6171875 0.12265625000000001 0.11875000000000001 0.1421875
3 0.86484375 0.0890625 0.0890625 0.10312500000000001
8 0.0921875 0.3765625 0.134375 0.12812500000000002
0 0.3484375 0.33671875 0.059375000000000004 0.0859375
1 0.5906250000000001 0.38359375 0.08750000000000001 0.1078125
17 0.8859375 0.38359375 0.1625 0.1703125
23 0.115625 0.603125 0.1625 0.153125
2 0.35390625000000003 0.6218750000000001 0.09843750000000001 0.115625
24 0.61328125 0.5953125 0.1796875 0.18125000000000002
26 0.8484375000000001 0.61875 0.12812500000000002 0.12187500000000001
