21 0.10390625 0.12812500000000002 0.0765625 0.096875
14 0.3828125 0.1 0.14375000000000002 0.153125
27 0.58125 0.08828125 0.10625000000000001 0.11093750000000001
14 0.8460937500000001 0.1421875 0.1046875 0.134375
20 0.1203125 0.39140625 0.125 0.1265625
19 0.34921875 0.38046875 0.1046875 0.11406250000000001
18 0.5710937500000001 0.37421875000000004 0.0890625 0.1078125
24 0.8851562500000001 0.34140625 0.1265625 0.1265625
8 0.1078125 0.6359375 0.109375 0.1375
15 0.3453125 0.6257812500000001 0.109375 0.1078125
6 0.62265625 0.5765625 0.0921875 0.096875
3 0.8523437500000001 0.6429687500000001 0.1421875 0.15156250000000002
32 0.11875000000000001 0.86875 0.153125 0.15937500000000002
2 0.3640625 0.8992187500000001 0.09375 0.1265625
8 0.61484375 0.8609375 0.1640625 0.171875
