9 0.115625 0.134375 0.140625 0.146875
19 0.36796875 0.11875000000000001 0.11093750000000001 0.115625
23 0.6101562500000001 0.07500000000000001 0.11093750000000001 0.109375
3 0.85859375 0.140625 0.11406250000000001 0.115625
2 0.11953125 0.340625 0.11406250000000001 0.1125
1 0.36953125000000003 0.36328125 0.11093750000000001 0.13593750000000002
31 0.6062500000000001 0.38203125000000004 0.109375 0.1046875
1 0.8656250000000001 0.34453125 0.125 0.13593750000000002
21 0.12265625000000001 0.60546875 0.18906250000000002 0.1859375
2 0.36171875000000003 0.6484375 0.1171875 0.13125
