4 0.10234375000000001 0.09843750000000001 0.0734375 0.1
33 0.36015625 0.13828125 0.1453125 0.13593750000000002
16 0.62109375 0.1265625 0.1265625 0.125
4 0.846875 0.11875000000000001 0.08125 0.10625000000000001
3 0.09531250000000001 0.34921875 0.078125 0.09843750000000001
10 0.37812500000000004 0.4 0.14375000000000002 0.140625
23 0.62890625 0.36796875 0.1859375 0.1859375
19 0.8500000000000001 0.38359375 0.10625000000000001 0.11093750000000001
24 0.12421875 0.6062500000000001 0.1234375 0.12812500000000002
23 0.35859375000000004 0.5921875 0.11093750000000001 0.109375
7 0.60703125 0.59375 0.1234375 0.12812500000000002
11 0.8679687500000001 0.6046875 0.1234375 0.146875
2 0.11640625 0.82734375 0.09531250000000001 0.11406250000000001
3 0.36328125 0.87265625 0.15156250000000002 0.15156250000000002
