16 0.13359375 0.11406250000000001 0.1546875 0.153125
11 0.37578125 0.1375 0.1203125 0.1375
6 0.59921875 0.0890625 0.1015625 0.12187500000000001
27 0.87109375 0.12578125 0.1171875 0.1203125
33 0.11406250000000001 0.34296875000000004 0.1125 0.1171875
13 0.36328125 0.3375 0.0921875 0.1125
0 0.63203125 0.39687500000000003 0.15781250000000002 0.15000000000000002
23 0.8695312500000001 0.37890625 0.13593750000000002 0.13593750000000002
3 0.12812500000000002 0.64765625 0.13125 0.15156250000000002
5 0.38828125 0.59609375 0.13593750000000002 0.1328125
16 0.625 0.6109375 0.1875 0.1875
27 0.8406250000000001 0.59296875 0.05 0.0859375
12 0.08281250000000001 0.83359375 0.065625 0.0921875
1 0.36562500000000003 0.88671875 0.1125 0.1171875
33 0.6390625000000001 0.89609375 0.171875 0.1640625
32 0.846875 0.87265625 0.10312500000000001 0.1046875
