20 0.11015625000000001 0.11171875 0.09843750000000001 0.1015625
19 0.37421875000000004 0.1078125 0.1171875 0.115625
4 0.6218750000000001 0.08984375 0.115625 0.1203125
2 0.8601562500000001 0.1453125 0.09843750000000001 0.140625
8 0.10390625 0.371875 0.1484375 0.15937500000000002
6 0.36484375 0.39375000000000004 0.09843750000000001 0.12812500000000002
0 0.58359375 0.36171875000000003 0.11406250000000001 0.1171875
14 0.87421875 0.3953125 0.15156250000000002 0.15937500000000002
0 0.11796875000000001 0.6609375000000001 0.1234375 0.153125
23 0.38203125000000004 0.6265625 0.1765625 0.17500000000000002
15 0.6375000000000001 0.5750000000000001 0.1125 0.115625
27 0.87890625 0.62265625 0.17343750000000002 0.17343750000000002
17 0.11015625000000001 0.8921875 0.16718750000000002 0.16562500000000002
35 0.35468750000000004 0.8546875 0.096875 0.1
