2 0.11953125 0.1375 0.1421875 0.1375
13 0.3359375 0.10078125 0.1375 0.13593750000000002
33 0.6078125000000001 0.07578125000000001 0.06875 0.0921875
8 0.8187500000000001 0.1203125 0.1 0.096875
1 0.09921875000000001 0.37578125 0.1296875 0.1265625
3 0.33671875 0.36953125000000003 0.0921875 0.09531250000000001
13 0.58984375 0.36953125000000003 0.11406250000000001 0.11093750000000001
17 0.9 0.38125000000000003 0.18125000000000002 0.18125000000000002
35 0.11406250000000001 0.62109375 0.140625 0.13593750000000002
17 0.3609375 0.603125 0.08750000000000001 0.12187500000000001
1 0.6109375 0.5859375 0.08750000000000001 0.09375
24 0.85859375 0.65 0.1015625 0.146875
7 0.109375 0.8562500000000001 0.11875000000000001 0.11875000000000001
9 0.3375 0.859375 0.05 0.084375
