25 0.11796875000000001 0.13203125000000002 0.13593750000000002 0.1296875
29 0.35390625000000003 0.11015625000000001 0.1171875 0.1171875
9 0.6117187500000001 0.14453125 0.1234375 0.1296875
35 0.8523437500000001 0.12421875 0.1265625 0.1265625
10 0.11484375000000001 0.36562500000000003 0.1265625 0.11875000000000001
14 0.35234375 0.37109375 0.13593750000000002 0.13593750000000002
13 0.6257812500000001 0.3796875 0.15781250000000002 0.15625
18 0.8296875 0.38125000000000003 0.053125000000000006 0.09062500000000001
0 0.09062500000000001 0.609375 0.140625 0.134375
4 0.36328125 0.6203125 0.1421875 0.1375
10 0.6039062500000001 0.6234375000000001 0.11406250000000001 0.134375
