10 0.12812500000000002 0.13593750000000002 0.14375000000000002 0.14375000000000002
32 0.41484375 0.125 0.2078125 0.215625
8 0.6257812500000001 0.12187500000000001 0.1796875 0.178125
33 0.875 0.12421875 0.134375 0.1328125
19 0.1234375 0.340625 0.12187500000000001 0.12812500000000002
0 0.3515625 0.36171875000000003 0.115625 0.1171875
0 0.5867187500000001 0.34687500000000004 0.09531250000000001 0.11875000000000001
1 0.8460937500000001 0.37812500000000004 0.1046875 0.12187500000000001
31 0.11640625 0.64765625 0.18906250000000002 0.1765625
19 0.371875 0.58203125 0.125 0.11406250000000001
14 0.6000000000000001 0.6125 0.15000000000000002 0.15000000000000002
4 0.85546875 0.61875 0.09843750000000001 0.134375
2 0.1015625 0.8718750000000001 0.13125 0.140625
