18 0.10078125 0.125 0.0890625 0.1
11 0.36562500000000003 0.0921875 0.12812500000000002 0.1375
21 0.6101562500000001 0.08750000000000001 0.09843750000000001 0.096875
27 0.8609375 0.11406250000000001 0.09375 0.109375
26 0.12578125 0.34609375000000003 0.1328125 0.1421875
19 0.33359375 0.3828125 0.060937500000000006 0.10312500000000001
21 0.61484375 0.38906250000000003 0.1234375 0.125
1 0.8617187500000001 0.35000000000000003 0.0671875 0.10312500000000001
23 0.12734375 0.63984375 0.1421875 0.1328125
10 0.36484375 0.609375 0.1234375 0.12187500000000001
12 0.6429687500000001 0.5750000000000001 0.11406250000000001 0.1125
27 0.83984375 0.6109375 0.1328125 0.134375
10 0.13125 0.875 0.1875 0.1875
9 0.33515625000000004 0.86328125 0.1265625 0.1296875
28 0.59765625 0.8765625 0.1078125 0.10625000000000001
25 0.85546875 0.8757812500000001 0.11093750000000001 0.11093750000000001
