18 0.11015625000000001 0.1453125 0.0703125 0.096875
17 0.38515625000000003 0.0859375 0.1328125 0.13125
29 0.60546875 0.13203125000000002 0.1203125 0.1265625
21 0.84375 0.13593750000000002 0.09062500000000001 0.1
19 0.09921875000000001 0.37734375000000003 0.1703125 0.1765625
20 0.35234375 0.3609375 0.0921875 0.09375
19 0.58828125 0.3640625 0.13593750000000002 0.134375
19 0.86640625 0.390625 0.1015625 0.109375
24 0.1390625 0.61328125 0.178125 0.1765625
28 0.3640625 0.62421875 0.13125 0.1484375
22 0.63984375 0.59140625 0.1328125 0.13593750000000002
1 0.8453125 0.60703125 0.13125 0.1296875
9 0.12421875 0.8640625000000001 0.09843750000000001 0.134375
2 0.35078125000000004 0.88671875 0.08281250000000001 0.09843750000000001
15 0.6273437500000001 0.8140625 0.1015625 0.10625000000000001
