16 0.08750000000000001 0.14921875 0.18125000000000002 0.1859375
0 0.35859375000000004 0.09765625 0.1046875 0.1328125
15 0.6117187500000001 0.11406250000000001 0.1265625 0.12187500000000001
19 0.8695312500000001 0.08046875 0.1171875 0.13593750000000002
22 0.14609375 0.3671875 0.1859375 0.1875
27 0.36015625 0.38125000000000003 0.1296875 0.12812500000000002
34 0.6078125000000001 0.32890625 0.09375 0.1015625
17 0.85859375 0.35078125000000004 0.09843750000000001 0.09843750000000001
25 0.11328125 0.609375 0.1296875 0.12812500000000002
14 0.36484375 0.63828125 0.15156250000000002 0.1453125
