35 0.1421875 0.0734375 0.084375 0.08125
15 0.353125 0.15781250000000002 0.153125 0.1625
22 0.6531250000000001 0.13984375000000002 0.19375 0.17343750000000002
34 0.8671875 0.13828125 0.125 0.1234375
9 0.13203125000000002 0.3796875 0.1015625 0.12812500000000002
25 0.35390625000000003 0.34609375000000003 0.1078125 0.11406250000000001
20 0.6468750000000001 0.34453125 0.15625 0.1546875
5 0.8515625 0.37812500000000004 0.10312500000000001 0.109375
8 0.11093750000000001 0.6218750000000001 0.10625000000000001 0.146875
25 0.3640625 0.628125 0.10625000000000001 0.10312500000000001
31 0.603125 0.6015625 0.10625000000000001 0.10312500000000001
