17 0.11328125 0.09140625000000001 0.1015625 0.1015625
27 0.36171875000000003 0.12578125 0.13593750000000002 0.1328125
19 0.59765625 0.12265625000000001 0.1171875 0.1421875
18 0.846875 0.12187500000000001 0.0625 0.125
10 0.109375 0.37578125 0.109375 0.11406250000000001
33 0.36171875000000003 0.38203125000000004 0.11093750000000001 0.11093750000000001
26 0.61328125 0.39140625 0.1609375 0.16718750000000002
21 0.8718750000000001 0.33828125000000003 0.115625 0.11093750000000001
8 0.10859375 0.6023437500000001 0.09843750000000001 0.1328125
31 0.34687500000000004 0.6015625 0.09062500000000001 0.084375
17 0.64609375 0.62109375 0.18906250000000002 0.18906250000000002
3 0.8390625 0.62890625 0.07187500000000001 0.0921875
29 0.11796875000000001 0.8953125000000001 0.1484375 0.15000000000000002
4 0.3765625 0.90234375 0.134375 0.1296875
2 0.6000000000000001 0.8757812500000001 0.13125 0.13593750000000002
