9 0.10312500000000001 0.10625000000000001 0.1375 0.146875
0 0.35546875 0.11875000000000001 0.15781250000000002 0.153125
11 0.6140625000000001 0.08984375 0.1 0.1015625
23 0.8625 0.11093750000000001 0.09375 0.1125
25 0.10703125000000001 0.36640625000000004 0.1046875 0.11406250000000001
11 0.34765625 0.34609375000000003 0.13593750000000002 0.13593750000000002
13 0.6296875000000001 0.37890625 0.15937500000000002 0.1546875
27 0.88671875 0.35468750000000004 0.1484375 0.1625
25 0.09453125000000001 0.6101562500000001 0.1234375 0.1234375
18 0.35078125000000004 0.6328125 0.0765625 0.109375
