27 0.109375 0.13125 0.08750000000000001 0.10312500000000001
14 0.34687500000000004 0.13515625 0.11875000000000001 0.1390625
21 0.6195312500000001 0.1375 0.1296875 0.1375
35 0.87890625 0.12890625 0.16718750000000002 0.16718750000000002
2 0.11093750000000001 0.3765625 0.14375000000000002 0.153125
25 0.37265625 0.33359375 0.0921875 0.0921875
25 0.603125 0.3828125 0.12187500000000001 0.12187500000000001
25 0.8679687500000001 0.34609375000000003 0.09843750000000001 0.1078125
24 0.10234375000000001 0.6234375000000001 0.1296875 0.12812500000000002
33 0.36171875000000003 0.6429687500000001 0.1046875 0.09843750000000001
5 0.60078125 0.62890625 0.1171875 0.1234375
22 0.8539062500000001 0.62109375 0.0921875 0.0734375
5 0.0859375 0.86484375 0.10625000000000001 0.1046875
17 0.38203125000000004 0.8695312500000001 0.18281250000000002 0.18281250000000002
