14 0.115625 0.1234375 0.09062500000000001 0.12187500000000001
22 0.38359375 0.10390625 0.1265625 0.1265625
29 0.6109375 0.13515625 0.125 0.1421875
0 0.8390625 0.1078125 0.065625 0.09062500000000001
11 0.11796875000000001 0.37109375 0.1171875 0.1265625
31 0.390625 0.35078125000000004 0.125 0.1328125
31 0.62890625 0.33828125000000003 0.1328125 0.1328125
10 0.8656250000000001 0.38203125000000004 0.13125 0.1296875
27 0.12890625 0.6046875 0.1265625 0.146875
33 0.36484375 0.60703125 0.1046875 0.09531250000000001
28 0.609375 0.6039062500000001 0.096875 0.09843750000000001
30 0.8453125 0.640625 0.1375 0.15000000000000002
