12 0.11406250000000001 0.12187500000000001 0.1 0.11875000000000001
16 0.36171875000000003 0.09765625 0.09531250000000001 0.13593750000000002
25 0.61328125 0.11875000000000001 0.1296875 0.134375
21 0.8609375 0.1265625 0.09375 0.11875000000000001
17 0.1 0.35703125 0.059375000000000004 0.09531250000000001
21 0.35703125 0.35468750000000004 0.1421875 0.146875
10 0.6203125 0.33671875 0.115625 0.11093750000000001
31 0.859375 0.38359375 0.134375 0.1328125
24 0.09140625000000001 0.61640625 0.0546875 0.0859375
3 0.35000000000000003 0.61484375 0.084375 0.1265625
8 0.63046875 0.62421875 0.18281250000000002 0.17343750000000002
29 0.87890625 0.65390625 0.1203125 0.1234375
9 0.1015625 0.890625 0.10625000000000001 0.1
2 0.375 0.8140625 0.09375 0.1
30 0.6312500000000001 0.89375 0.15000000000000002 0.15000000000000002
