1 0.10625000000000001 0.12578125 0.10312500000000001 0.09843750000000001
23 0.37734375000000003 0.1453125 0.13593750000000002 0.12187500000000001
2 0.5984375000000001 0.1203125 0.125 0.1375
34 0.875 0.11171875 0.16875 0.16718750000000002
0 0.1 0.33046875000000003 0.08125 0.1046875
0 0.35859375000000004 0.33828125000000003 0.09843750000000001 0.1234375
3 0.5734375 0.36250000000000004 0.1 0.1
18 0.8484375000000001 0.35468750000000004 0.13125 0.13125
31 0.13046875 0.60859375 0.1171875 0.1171875
6 0.353125 0.64375 0.10625000000000001 0.1375
1 0.59140625 0.6023437500000001 0.045312500000000006 0.0921875
18 0.8390625 0.603125 0.115625 0.096875
12 0.09062500000000001 0.8367187500000001 0.140625 0.1421875
