13 0.12187500000000001 0.14453125 0.140625 0.1484375
25 0.36875 0.16171875000000002 0.178125 0.1796875
1 0.6179687500000001 0.10234375000000001 0.0765625 0.1203125
2 0.8835937500000001 0.0890625 0.1421875 0.134375
7 0.11640625 0.3984375 0.09843750000000001 0.125
14 0.34609375000000003 0.33906250000000004 0.0703125 0.07500000000000001
13 0.59296875 0.375 0.09843750000000001 0.1
22 0.9140625 0.33515625000000004 0.146875 0.1453125
3 0.11796875000000001 0.6507812500000001 0.07968750000000001 0.1234375
21 0.39375000000000004 0.5710937500000001 0.109375 0.11093750000000001
23 0.60859375 0.60078125 0.1015625 0.09843750000000001
4 0.87109375 0.5867187500000001 0.09531250000000001 0.0921875
21 0.12109375 0.8289062500000001 0.09531250000000001 0.09531250000000001
21 0.35859375000000004 0.88203125 0.0921875 0.0921875
12 0.6179687500000001 0.8460937500000001 0.1046875 0.1234375
30 0.87890625 0.8851562500000001 0.1171875 0.1265625
