2 0.0890625 0.12578125 0.14375000000000002 0.13593750000000002
35 0.37109375 0.13515625 0.1421875 0.1421875
11 0.6117187500000001 0.1265625 0.1078125 0.10312500000000001
14 0.8601562500000001 0.13671875 0.1265625 0.1453125
6 0.125 0.3984375 0.15000000000000002 0.153125
17 0.36250000000000004 0.384375 0.1125 0.115625
2 0.60546875 0.34765625 0.09531250000000001 0.1078125
19 0.8421875000000001 0.3671875 0.1125 0.12812500000000002
5 0.09531250000000001 0.6140625000000001 0.15000000000000002 0.153125
11 0.34218750000000003 0.6218750000000001 0.084375 0.08750000000000001
14 0.61640625 0.58984375 0.0921875 0.1234375
35 0.8625 0.62421875 0.13125 0.13593750000000002
33 0.11093750000000001 0.8546875 0.178125 0.178125
