10 0.11796875000000001 0.125 0.1328125 0.140625
14 0.36250000000000004 0.140625 0.12187500000000001 0.125
19 0.6000000000000001 0.1125 0.12187500000000001 0.134375
23 0.884375 0.11875000000000001 0.15937500000000002 0.15937500000000002
25 0.11406250000000001 0.35781250000000003 0.125 0.146875
14 0.390625 0.3515625 0.146875 0.14375000000000002
8 0.6023437500000001 0.38203125000000004 0.1453125 0.13593750000000002
31 0.8625 0.38046875 0.11875000000000001 0.09531250000000001
2 0.09062500000000001 0.6296875000000001 0.05 0.08125
13 0.37031250000000004 0.61640625 0.134375 0.1296875
11 0.6390625000000001 0.5984375000000001 0.140625 0.146875
13 0.87421875 0.6328125 0.1609375 0.16875
17 0.13984375000000002 0.8812500000000001 0.17343750000000002 0.17500000000000002
13 0.34687500000000004 0.8773437500000001 0.134375 0.1328125
24 0.6203125 0.88203125 0.14375000000000002 0.1453125
