6 0.12109375 0.12187500000000001 0.1421875 0.15625
2 0.3640625 0.11953125 0.153125 0.15156250000000002
25 0.6257812500000001 0.15000000000000002 0.1203125 0.140625
11 0.8601562500000001 0.084375 0.07968750000000001 0.10312500000000001
10 0.11953125 0.39296875000000003 0.1390625 0.1328125
9 0.35390625000000003 0.36250000000000004 0.13593750000000002 0.125
31 0.628125 0.35000000000000003 0.13125 0.12812500000000002
9 0.8375 0.35234375 0.125 0.1296875
25 0.096875 0.6195312500000001 0.125 0.1265625
35 0.39453125 0.63984375 0.1484375 0.1484375
