8 0.09140625000000001 0.11953125 0.1296875 0.1265625
10 0.36953125000000003 0.10390625 0.1265625 0.1234375
1 0.6171875 0.12812500000000002 0.07187500000000001 0.12187500000000001
24 0.86640625 0.10625000000000001 0.18906250000000002 0.1875
25 0.12734375 0.38906250000000003 0.1390625 0.1375
27 0.36953125000000003 0.34609375000000003 0.11406250000000001 0.11406250000000001
27 0.63046875 0.35546875 0.1546875 0.15156250000000002
18 0.8515625 0.3640625 0.115625 0.140625
35 0.115625 0.6023437500000001 0.11875000000000001 0.1203125
4 0.34765625 0.62890625 0.1046875 0.09843750000000001
33 0.5593750000000001 0.58984375 0.096875 0.09843750000000001
29 0.8796875000000001 0.59375 0.125 0.125
31 0.14921875 0.8757812500000001 0.15781250000000002 0.1546875
2 0.36250000000000004 0.85546875 0.134375 0.1265625
4 0.6117187500000001 0.86484375 0.11406250000000001 0.1296875
0 0.8773437500000001 0.8203125 0.0859375 0.096875
