20 0.1125 0.1234375 0.14375000000000002 0.14375000000000002
3 0.371875 0.11953125 0.1375 0.1609375
35 0.6109375 0.1015625 0.078125 0.10312500000000001
5 0.85078125 0.08984375 0.07968750000000001 0.1015625
14 0.09765625 0.36562500000000003 0.1203125 0.125
0 0.36640625000000004 0.3875 0.15156250000000002 0.15000000000000002
33 0.60546875 0.33359375 0.06406250000000001 0.1046875
28 0.8828125 0.3328125 0.12812500000000002 0.13125
17 0.10859375 0.59609375 0.09843750000000001 0.09531250000000001
35 0.37812500000000004 0.6257812500000001 0.15625 0.15781250000000002
17 0.6140625000000001 0.61640625 0.12187500000000001 0.1328125
13 0.8515625 0.59609375 0.078125 0.0859375
1 0.09609375 0.85703125 0.1453125 0.1421875
15 0.3609375 0.8609375 0.125 0.11875000000000001
33 0.6179687500000001 0.8460937500000001 0.1953125 0.1921875
2 0.8515625 0.8812500000000001 0.1 0.11875000000000001
