22 0.11953125 0.10703125000000001 0.1171875 0.1203125
35 0.35078125000000004 0.14765625000000002 0.1796875 0.1796875
19 0.62109375 0.13125 0.13593750000000002 0.15000000000000002
9 0.86875 0.10625000000000001 0.10625000000000001 0.10312500000000001
7 0.10234375000000001 0.3359375 0.0671875 0.08750000000000001
24 0.35625 0.37421875000000004 0.1375 0.13593750000000002
21 0.60546875 0.38359375 0.1015625 0.1046875
33 0.8773437500000001 0.33203125 0.1203125 0.1171875
21 0.08750000000000001 0.6375000000000001 0.08750000000000001 0.08125
19 0.35546875 0.6117187500000001 0.1234375 0.1421875
19 0.6351562500000001 0.6335937500000001 0.1421875 0.1421875
35 0.875 0.609375 0.184375 0.184375
13 0.11953125 0.8890625000000001 0.1296875 0.12812500000000002
