25 0.13046875 0.11093750000000001 0.17343750000000002 0.17500000000000002
0 0.3765625 0.12812500000000002 0.15937500000000002 0.16562500000000002
32 0.6203125 0.10625000000000001 0.13125 0.13125
8 0.85859375 0.09921875000000001 0.08281250000000001 0.09531250000000001
4 0.10546875 0.3875 0.09843750000000001 0.12187500000000001
1 0.35078125000000004 0.3328125 0.060937500000000006 0.09062500000000001
23 0.60703125 0.3828125 0.1078125 0.1375
16 0.9 0.39609375 0.1625 0.16718750000000002
25 0.10625000000000001 0.5921875 0.11875000000000001 0.134375
1 0.37890625 0.58359375 0.1078125 0.1078125
21 0.60546875 0.6109375 0.09843750000000001 0.10625000000000001
