2 0.11328125 0.11640625 0.1328125 0.1328125
4 0.35781250000000003 0.1234375 0.15625 0.1625
21 0.62421875 0.15234375 0.1046875 0.1421875
25 0.8382812500000001 0.10703125000000001 0.1328125 0.1296875
14 0.11015625000000001 0.37812500000000004 0.0921875 0.10625000000000001
5 0.32343750000000004 0.3453125 0.09062500000000001 0.10312500000000001
31 0.609375 0.38359375 0.12812500000000002 0.1265625
14 0.88046875 0.37421875000000004 0.17343750000000002 0.17343750000000002
35 0.1125 0.5859375 0.09375 0.09375
0 0.36640625000000004 0.609375 0.1171875 0.14375000000000002
23 0.6328125 0.6101562500000001 0.146875 0.1640625
3 0.85078125 0.62890625 0.07968750000000001 0.11406250000000001
24 0.09765625 0.846875 0.1234375 0.125
