6 0.11875000000000001 0.12187500000000001 0.1 0.13125
25 0.37890625 0.11484375000000001 0.1640625 0.16718750000000002
31 0.6421875 0.12578125 0.146875 0.15156250000000002
2 0.846875 0.12265625000000001 0.07500000000000001 0.09531250000000001
17 0.12734375 0.40234375 0.19843750000000002 0.19843750000000002
18 0.35078125000000004 0.3359375 0.0890625 0.109375
14 0.6296875000000001 0.38671875 0.17500000000000002 0.1765625
6 0.8562500000000001 0.3984375 0.15937500000000002 0.16562500000000002
30 0.1453125 0.61484375 0.134375 0.1453125
19 0.33515625000000004 0.5796875 0.0671875 0.096875
35 0.5789062500000001 0.5859375 0.07968750000000001 0.08750000000000001
32 0.88203125 0.6531250000000001 0.1453125 0.14375000000000002
33 0.11171875 0.8796875000000001 0.11093750000000001 0.115625
6 0.36015625 0.8812500000000001 0.1265625 0.140625
