21 0.11875000000000001 0.1375 0.13125 0.13125
31 0.34921875 0.09609375 0.0890625 0.1015625
35 0.61640625 0.11640625 0.1609375 0.15781250000000002
27 0.89765625 0.1203125 0.1953125 0.19687500000000002
21 0.1046875 0.38593750000000004 0.109375 0.109375
27 0.40390625 0.37421875000000004 0.19843750000000002 0.19843750000000002
35 0.5867187500000001 0.36640625000000004 0.1234375 0.1234375
11 0.84296875 0.3609375 0.1203125 0.12187500000000001
35 0.12812500000000002 0.60546875 0.14375000000000002 0.15156250000000002
2 0.3640625 0.6203125 0.125 0.140625
21 0.61484375 0.603125 0.1453125 0.15000000000000002
24 0.84921875 0.58046875 0.1171875 0.1171875
29 0.146875 0.8695312500000001 0.1375 0.15781250000000002
2 0.3484375 0.8500000000000001 0.06875 0.084375
8 0.6195312500000001 0.8578125000000001 0.13593750000000002 0.13125
2 0.85546875 0.8773437500000001 0.08281250000000001 0.11093750000000001
