18 0.11484375000000001 0.09843750000000001 0.09843750000000001 0.1
20 0.37421875000000004 0.11093750000000001 0.1234375 0.125
14 0.634375 0.065625 0.1 0.10625000000000001
1 0.8828125 0.12812500000000002 0.14375000000000002 0.13125
1 0.1171875 0.39140625 0.134375 0.1234375
21 0.35703125 0.34218750000000003 0.0890625 0.09062500000000001
24 0.61484375 0.40234375 0.1859375 0.1859375
16 0.8835937500000001 0.3828125 0.1390625 0.14375000000000002
2 0.11484375000000001 0.62265625 0.11093750000000001 0.1234375
22 0.384375 0.5796875 0.1375 0.1
33 0.603125 0.6117187500000001 0.125 0.1234375
30 0.8796875000000001 0.6218750000000001 0.15937500000000002 0.171875
10 0.11406250000000001 0.86875 0.1375 0.1375
28 0.34765625 0.87421875 0.1203125 0.11406250000000001
11 0.6101562500000001 0.8656250000000001 0.1640625 0.16562500000000002
22 0.8609375 0.87265625 0.10312500000000001 0.07968750000000001
