11 0.1234375 0.1171875 0.153125 0.153125
13 0.37109375 0.13671875 0.18281250000000002 0.18281250000000002
6 0.628125 0.0921875 0.1125 0.11875000000000001
6 0.83203125 0.1078125 0.07968750000000001 0.08750000000000001
21 0.11015625000000001 0.38515625000000003 0.1171875 0.1203125
18 0.35078125000000004 0.38125000000000003 0.07968750000000001 0.08750000000000001
13 0.6375000000000001 0.390625 0.1625 0.16562500000000002
0 0.8617187500000001 0.34218750000000003 0.11406250000000001 0.134375
17 0.10703125000000001 0.6218750000000001 0.1046875 0.13125
19 0.33984375 0.6046875 0.1234375 0.12187500000000001
26 0.60078125 0.6101562500000001 0.15156250000000002 0.15156250000000002
3 0.8421875000000001 0.6492187500000001 0.1625 0.1609375
