20 0.125 0.15156250000000002 0.18125000000000002 0.17500000000000002
30 0.371875 0.078125 0.10312500000000001 0.115625
22 0.59921875 0.08359375000000001 0.0765625 0.0734375
2 0.85859375 0.1171875 0.1328125 0.134375
35 0.06484375 0.36015625 0.09531250000000001 0.0921875
34 0.35703125 0.384375 0.1171875 0.11875000000000001
1 0.6328125 0.35703125 0.10625000000000001 0.1421875
5 0.83359375 0.3953125 0.1328125 0.1375
4 0.109375 0.61328125 0.1 0.11406250000000001
24 0.39609375 0.59609375 0.1546875 0.15781250000000002
16 0.6046875 0.6039062500000001 0.096875 0.11406250000000001
