25 0.1171875 0.11875000000000001 0.12187500000000001 0.1375
34 0.3640625 0.10625000000000001 0.1125 0.1125
1 0.6109375 0.12265625000000001 0.078125 0.11093750000000001
4 0.8539062500000001 0.12187500000000001 0.1171875 0.13125
27 0.09765625 0.3953125 0.15156250000000002 0.15000000000000002
33 0.3953125 0.36796875 0.19375 0.1953125
11 0.59609375 0.3453125 0.1421875 0.14375000000000002
4 0.85859375 0.384375 0.09531250000000001 0.115625
11 0.09062500000000001 0.60703125 0.08125 0.0859375
14 0.35234375 0.6156250000000001 0.1078125 0.109375
3 0.61484375 0.61484375 0.1328125 0.1421875
18 0.82578125 0.6296875000000001 0.0921875 0.09062500000000001
