32 0.14375000000000002 0.1 0.22187500000000002 0.225
23 0.38125000000000003 0.08828125 0.146875 0.1421875
11 0.6109375 0.10312500000000001 0.10625000000000001 0.13125
20 0.8500000000000001 0.1 0.146875 0.146875
14 0.13359375 0.37109375 0.15781250000000002 0.1609375
25 0.37343750000000003 0.3984375 0.13125 0.15625
5 0.6078125000000001 0.38515625000000003 0.10312500000000001 0.1078125
18 0.8296875 0.32265625000000003 0.05 0.08281250000000001
11 0.14609375 0.628125 0.1859375 0.1875
3 0.35390625000000003 0.6328125 0.09843750000000001 0.109375
2 0.5867187500000001 0.609375 0.1296875 0.12812500000000002
35 0.8859375 0.6039062500000001 0.1625 0.1640625
24 0.10312500000000001 0.86640625 0.07187500000000001 0.11406250000000001
5 0.32656250000000003 0.83125 0.07187500000000001 0.084375
32 0.62890625 0.86875 0.1484375 0.146875
