15 0.09375 0.11171875 0.09375 0.1078125
29 0.39687500000000003 0.12812500000000002 0.115625 0.140625
15 0.6109375 0.10625000000000001 0.146875 0.15000000000000002
34 0.84921875 0.12265625000000001 0.1234375 0.1234375
13 0.140625 0.34218750000000003 0.125 0.12187500000000001
8 0.36796875 0.3765625 0.1609375 0.16562500000000002
1 0.6078125000000001 0.35703125 0.134375 0.1328125
2 0.875 0.35625 0.140625 0.15625
23 0.12890625 0.61640625 0.1484375 0.1484375
16 0.34375 0.63671875 0.09375 0.09531250000000001
1 0.6140625000000001 0.5921875 0.10625000000000001 0.10625000000000001
