33 0.134375 0.10859375 0.17500000000000002 0.17343750000000002
9 0.3765625 0.07500000000000001 0.10625000000000001 0.115625
4 0.62109375 0.12187500000000001 0.1640625 0.171875
3 0.82734375 0.11171875 0.0921875 0.09843750000000001
11 0.12265625000000001 0.3828125 0.1546875 0.15625
23 0.38125000000000003 0.33515625000000004 0.12812500000000002 0.1234375
10 0.609375 0.36328125 0.11875000000000001 0.1171875
13 0.8421875000000001 0.35000000000000003 0.134375 0.134375
35 0.0734375 0.58515625 0.07500000000000001 0.09531250000000001
24 0.38046875 0.60859375 0.15781250000000002 0.15781250000000002
22 0.6015625 0.6023437500000001 0.125 0.1234375
5 0.85546875 0.596875 0.1203125 0.134375
2 0.11328125 0.8734375000000001 0.11406250000000001 0.125
17 0.36328125 0.8453125 0.17343750000000002 0.171875
16 0.61875 0.8796875000000001 0.140625 0.140625
13 0.8718750000000001 0.878125 0.140625 0.1375
