10 0.08359375000000001 0.08125 0.09843750000000001 0.09375
7 0.33906250000000004 0.13125 0.09375 0.09062500000000001
6 0.6101562500000001 0.109375 0.0859375 0.10312500000000001
32 0.90625 0.146875 0.2 0.15625
17 0.11640625 0.33203125 0.1015625 0.1046875
27 0.384375 0.40468750000000003 0.153125 0.15000000000000002
11 0.6140625000000001 0.38984375000000004 0.1125 0.11093750000000001
8 0.83515625 0.36328125 0.1390625 0.13593750000000002
24 0.1328125 0.6125 0.15625 0.1625
23 0.35468750000000004 0.61328125 0.10625000000000001 0.1078125
