12 0.09765625 0.09765625 0.11406250000000001 0.1203125
22 0.34687500000000004 0.13593750000000002 0.096875 0.096875
1 0.5906250000000001 0.15546875000000002 0.09062500000000001 0.1453125
14 0.8617187500000001 0.12812500000000002 0.1296875 0.134375
20 0.09921875000000001 0.3515625 0.0671875 0.1125
23 0.39687500000000003 0.38125000000000003 0.203125 0.203125
24 0.640625 0.38515625000000003 0.19062500000000002 0.1921875
19 0.89765625 0.321875 0.1015625 0.10312500000000001
35 0.1328125 0.5953125 0.146875 0.15000000000000002
30 0.3875 0.63671875 0.134375 0.1421875
16 0.61328125 0.6046875 0.1171875 0.13125
22 0.8656250000000001 0.6257812500000001 0.115625 0.11093750000000001
15 0.08750000000000001 0.828125 0.08750000000000001 0.10625000000000001
