10 0.078125 0.09531250000000001 0.12187500000000001 0.11875000000000001
22 0.3515625 0.09453125000000001 0.084375 0.07968750000000001
13 0.6218750000000001 0.07187500000000001 0.10312500000000001 0.10625000000000001
2 0.875 0.09921875000000001 0.153125 0.1640625
16 0.1203125 0.4 0.140625 0.18125000000000002
27 0.32578125 0.36328125 0.1046875 0.1046875
29 0.61484375 0.325 0.0890625 0.09375
3 0.86875 0.340625 0.1125 0.10625000000000001
2 0.09531250000000001 0.6218750000000001 0.07500000000000001 0.1
16 0.3953125 0.6156250000000001 0.16875 0.16875
