13 0.13593750000000002 0.0890625 0.1375 0.140625
22 0.38906250000000003 0.09609375 0.14375000000000002 0.13593750000000002
18 0.6062500000000001 0.11953125 0.115625 0.1171875
13 0.89453125 0.08671875000000001 0.11406250000000001 0.11093750000000001
23 0.13125 0.39375000000000004 0.14375000000000002 0.12812500000000002
8 0.37343750000000003 0.35234375 0.125 0.1171875
21 0.61875 0.38515625000000003 0.115625 0.1234375
18 0.8601562500000001 0.353125 0.0921875 0.09375
17 0.09531250000000001 0.6179687500000001 0.05625 0.08281250000000001
30 0.37031250000000004 0.5945312500000001 0.10625000000000001 0.1265625
10 0.61484375 0.6125 0.1296875 0.12812500000000002
19 0.81171875 0.603125 0.1046875 0.10625000000000001
24 0.13828125 0.8812500000000001 0.1765625 0.18125000000000002
