32 0.134375 0.09140625000000001 0.109375 0.0859375
9 0.36640625000000004 0.09296875 0.1046875 0.11406250000000001
17 0.60703125 0.1203125 0.09531250000000001 0.125
27 0.8757812500000001 0.1484375 0.1421875 0.140625
25 0.10078125 0.31796875 0.0734375 0.07968750000000001
4 0.37343750000000003 0.36875 0.1625 0.15937500000000002
13 0.62109375 0.37265625 0.15156250000000002 0.1546875
17 0.88828125 0.35703125 0.1453125 0.1453125
30 0.10546875 0.5984375000000001 0.0890625 0.1125
7 0.35781250000000003 0.6117187500000001 0.1125 0.1296875
11 0.6203125 0.6531250000000001 0.1125 0.13125
15 0.8796875000000001 0.6046875 0.140625 0.134375
32 0.14453125 0.8523437500000001 0.1640625 0.1328125
1 0.3328125 0.87421875 0.11875000000000001 0.11093750000000001
24 0.6125 0.8828125 0.16562500000000002 0.16562500000000002
31 0.9085937500000001 0.8812500000000001 0.16718750000000002 0.17500000000000002
