12 0.115625 0.1234375 0.109375 0.11875000000000001
10 0.35468750000000004 0.115625 0.153125 0.153125
12 0.6335937500000001 0.09453125000000001 0.1328125 0.13593750000000002
3 0.8421875000000001 0.08671875000000001 0.053125000000000006 0.08281250000000001
2 0.109375 0.35468750000000004 0.109375 0.12812500000000002
13 0.36250000000000004 0.3828125 0.140625 0.140625
31 0.6156250000000001 0.34687500000000004 0.08125 0.09062500000000001
31 0.8859375 0.38203125000000004 0.184375 0.18281250000000002
23 0.134375 0.5906250000000001 0.146875 0.13125
10 0.35078125000000004 0.61875 0.1171875 0.11875000000000001
