1 0.09765625 0.13203125000000002 0.15781250000000002 0.1546875
33 0.32343750000000004 0.10625000000000001 0.115625 0.115625
11 0.6265625 0.13828125 0.146875 0.1453125
21 0.875 0.146875 0.134375 0.140625
4 0.10703125000000001 0.3609375 0.0859375 0.109375
17 0.3609375 0.38984375000000004 0.1125 0.11406250000000001
4 0.596875 0.36484375 0.1 0.1046875
33 0.8546875 0.35546875 0.09062500000000001 0.0890625
14 0.10859375 0.5828125000000001 0.1296875 0.13125
19 0.3515625 0.603125 0.109375 0.1125
30 0.6390625000000001 0.58359375 0.125 0.1265625
7 0.84765625 0.6414062500000001 0.0578125 0.0921875
33 0.11484375000000001 0.83515625 0.1046875 0.1046875
