15 0.11484375000000001 0.12187500000000001 0.0921875 0.125
0 0.359375 0.096875 0.08750000000000001 0.12187500000000001
10 0.609375 0.10390625 0.15000000000000002 0.1421875
17 0.87265625 0.09296875 0.1640625 0.1640625
34 0.1203125 0.37343750000000003 0.18125000000000002 0.184375
21 0.36250000000000004 0.35625 0.10625000000000001 0.10625000000000001
31 0.60859375 0.33046875000000003 0.09531250000000001 0.0921875
11 0.86484375 0.41328125000000004 0.1859375 0.1796875
10 0.13359375 0.5828125000000001 0.13593750000000002 0.134375
35 0.36640625000000004 0.6015625 0.09843750000000001 0.10312500000000001
7 0.6101562500000001 0.58125 0.07968750000000001 0.09062500000000001
4 0.8757812500000001 0.64375 0.13593750000000002 0.13125
