0 0.109375 0.09375 0.084375 0.10312500000000001
23 0.40078125000000003 0.09062500000000001 0.1296875 0.13125
4 0.6023437500000001 0.14765625000000002 0.15156250000000002 0.15156250000000002
25 0.86328125 0.13359375 0.1328125 0.1328125
14 0.09375 0.34296875000000004 0.09375 0.09843750000000001
19 0.36328125 0.375 0.1203125 0.14375000000000002
6 0.63828125 0.32421875 0.1171875 0.11093750000000001
16 0.8406250000000001 0.3796875 0.096875 0.09375
7 0.10390625 0.609375 0.1265625 0.12812500000000002
24 0.37421875000000004 0.609375 0.1453125 0.146875
12 0.634375 0.60859375 0.171875 0.18281250000000002
15 0.8890625000000001 0.5867187500000001 0.12187500000000001 0.1171875
29 0.12187500000000001 0.8625 0.140625 0.140625
33 0.38125000000000003 0.8523437500000001 0.140625 0.1328125
11 0.603125 0.8703125 0.06875 0.115625
