12 0.1203125 0.12578125 0.146875 0.1546875
26 0.36562500000000003 0.1046875 0.125 0.12187500000000001
20 0.62109375 0.1 0.11093750000000001 0.11875000000000001
25 0.853125 0.13359375 0.146875 0.1453125
0 0.1234375 0.40156250000000004 0.134375 0.15937500000000002
6 0.35000000000000003 0.32734375000000004 0.078125 0.1015625
3 0.6015625 0.36484375 0.140625 0.1421875
2 0.8546875 0.33671875 0.08750000000000001 0.1078125
18 0.10312500000000001 0.6273437500000001 0.109375 0.1171875
17 0.38593750000000004 0.6390625000000001 0.13125 0.12812500000000002
