0 0.0921875 0.12421875 0.084375 0.1046875
10 0.34453125 0.10546875 0.1328125 0.13593750000000002
10 0.6195312500000001 0.10312500000000001 0.1234375 0.125
29 0.83203125 0.09140625000000001 0.08281250000000001 0.11093750000000001
0 0.1015625 0.37578125 0.07500000000000001 0.09843750000000001
14 0.35546875 0.33437500000000003 0.08281250000000001 0.10312500000000001
27 0.6015625 0.33984375 0.140625 0.1421875
7 0.8562500000000001 0.37265625 0.13125 0.1421875
1 0.06640625 0.6101562500000001 0.09531250000000001 0.0921875
2 0.3609375 0.609375 0.134375 0.125
27 0.6351562500000001 0.6429687500000001 0.1609375 0.1609375
