32 0.1453125 0.09765625 0.171875 0.1609375
18 0.35390625000000003 0.06640625 0.06406250000000001 0.1078125
14 0.64375 0.12578125 0.19062500000000002 0.1921875
29 0.8703125 0.065625 0.084375 0.09062500000000001
18 0.09765625 0.32890625 0.06406250000000001 0.1046875
0 0.35468750000000004 0.38046875 0.1 0.1203125
8 0.6156250000000001 0.38046875 0.12812500000000002 0.1265625
20 0.8796875000000001 0.41250000000000003 0.20625000000000002 0.19375
20 0.07890625000000001 0.6046875 0.1046875 0.10312500000000001
4 0.34609375000000003 0.6078125000000001 0.060937500000000006 0.078125
3 0.59296875 0.6156250000000001 0.07968750000000001 0.10312500000000001
