34 0.10390625 0.08125 0.08281250000000001 0.084375
10 0.36562500000000003 0.14375000000000002 0.125 0.13125
0 0.6078125000000001 0.1203125 0.115625 0.12187500000000001
11 0.884375 0.109375 0.1375 0.140625
34 0.1203125 0.38203125000000004 0.14375000000000002 0.1421875
31 0.35781250000000003 0.38906250000000003 0.18125000000000002 0.18125000000000002
7 0.6234375000000001 0.3765625 0.1375 0.14375000000000002
6 0.85703125 0.38984375000000004 0.1078125 0.1296875
5 0.10859375 0.6234375000000001 0.0734375 0.10625000000000001
7 0.35390625000000003 0.603125 0.0765625 0.09062500000000001
11 0.6000000000000001 0.65546875 0.1 0.1421875
15 0.86640625 0.61328125 0.1234375 0.11406250000000001
