23 0.11484375000000001 0.10312500000000001 0.09531250000000001 0.1125
21 0.35000000000000003 0.08125 0.084375 0.084375
21 0.6234375000000001 0.09296875 0.115625 0.11406250000000001
25 0.853125 0.12734375 0.115625 0.1234375
33 0.1171875 0.37421875000000004 0.153125 0.1484375
10 0.36484375 0.40390625 0.09531250000000001 0.13593750000000002
27 0.63046875 0.35468750000000004 0.13593750000000002 0.134375
35 0.85546875 0.3609375 0.09843750000000001 0.11875000000000001
11 0.07187500000000001 0.5875 0.096875 0.1
26 0.371875 0.6140625000000001 0.12187500000000001 0.12812500000000002
21 0.63046875 0.6515625 0.1328125 0.1625
17 0.9109375000000001 0.62890625 0.1875 0.18906250000000002
9 0.12578125 0.8773437500000001 0.1484375 0.1390625
33 0.35546875 0.878125 0.1203125 0.1125
5 0.6265625 0.8460937500000001 0.11875000000000001 0.11406250000000001
