28 0.10234375000000001 0.12578125 0.0859375 0.1015625
0 0.37265625 0.10859375 0.1203125 0.1421875
18 0.60703125 0.16640625 0.0859375 0.1234375
29 0.86875 0.11796875000000001 0.14375000000000002 0.1453125
7 0.10078125 0.390625 0.0671875 0.1
27 0.3609375 0.38125000000000003 0.15625 0.153125
9 0.6101562500000001 0.353125 0.1171875 0.140625
29 0.8406250000000001 0.3828125 0.11875000000000001 0.11875000000000001
0 0.11093750000000001 0.57265625 0.08125 0.1015625
3 0.37343750000000003 0.58828125 0.140625 0.1453125
