27 0.10390625 0.11171875 0.1546875 0.1546875
11 0.35859375000000004 0.12265625000000001 0.0921875 0.1015625
13 0.62890625 0.11328125 0.1765625 0.1765625
2 0.8609375 0.15078125 0.1 0.09843750000000001
23 0.125 0.340625 0.13125 0.13125
24 0.35390625000000003 0.35390625000000003 0.1546875 0.15781250000000002
2 0.6062500000000001 0.38203125000000004 0.06875 0.1015625
35 0.8546875 0.36796875 0.09062500000000001 0.0921875
28 0.10390625 0.6429687500000001 0.11406250000000001 0.1296875
33 0.3359375 0.58125 0.084375 0.08750000000000001
7 0.6156250000000001 0.6179687500000001 0.12187500000000001 0.1171875
4 0.8796875000000001 0.63828125 0.153125 0.15781250000000002
6 0.1265625 0.875 0.12187500000000001 0.13125
