11 0.09531250000000001 0.11484375000000001 0.11875000000000001 0.11093750000000001
18 0.35625 0.1203125 0.109375 0.11875000000000001
25 0.6140625000000001 0.11640625 0.146875 0.1484375
34 0.83125 0.1171875 0.09062500000000001 0.09062500000000001
10 0.10312500000000001 0.36484375 0.15625 0.1546875
14 0.33359375 0.37109375 0.1015625 0.1015625
17 0.6429687500000001 0.38515625000000003 0.2015625 0.1921875
8 0.8773437500000001 0.3671875 0.1171875 0.140625
3 0.11875000000000001 0.6234375000000001 0.1625 0.1625
14 0.36328125 0.6328125 0.09843750000000001 0.109375
25 0.59921875 0.59609375 0.0703125 0.0921875
