14 0.1203125 0.10703125000000001 0.134375 0.1328125
21 0.3515625 0.0921875 0.065625 0.09062500000000001
27 0.634375 0.12578125 0.1375 0.1453125
31 0.8421875000000001 0.1 0.109375 0.11875000000000001
10 0.1015625 0.325 0.084375 0.08125
27 0.36953125000000003 0.3765625 0.1171875 0.084375
7 0.6015625 0.34687500000000004 0.08125 0.096875
33 0.8875000000000001 0.38906250000000003 0.15000000000000002 0.146875
13 0.11406250000000001 0.58359375 0.10625000000000001 0.11093750000000001
5 0.33984375 0.6125 0.1078125 0.12187500000000001
8 0.6257812500000001 0.58515625 0.1171875 0.1078125
11 0.8851562500000001 0.6062500000000001 0.15156250000000002 0.15937500000000002
30 0.13125 0.89765625 0.11875000000000001 0.1484375
15 0.34609375000000003 0.8679687500000001 0.0859375 0.0921875
16 0.6156250000000001 0.87109375 0.11875000000000001 0.1203125
