19 0.134375 0.09531250000000001 0.134375 0.13125
21 0.35390625000000003 0.134375 0.1453125 0.14375000000000002
9 0.6117187500000001 0.10078125 0.1265625 0.1265625
35 0.86875 0.1390625 0.134375 0.153125
34 0.0921875 0.35625 0.12187500000000001 0.12187500000000001
5 0.34765625 0.32265625000000003 0.09531250000000001 0.1203125
14 0.64453125 0.41875 0.1484375 0.15625
2 0.85703125 0.37578125 0.0859375 0.1234375
0 0.12421875 0.6265625 0.1015625 0.125
6 0.33515625000000004 0.6109375 0.0890625 0.10625000000000001
17 0.61875 0.6125 0.16875 0.1625
4 0.84765625 0.6171875 0.1265625 0.1375
11 0.11093750000000001 0.8718750000000001 0.14375000000000002 0.14375000000000002
32 0.3921875 0.88046875 0.18125000000000002 0.1609375
