30 0.1125 0.146875 0.13125 0.13125
10 0.36796875 0.09765625 0.1265625 0.1234375
12 0.60546875 0.07265625 0.0734375 0.0859375
10 0.8671875 0.12890625 0.115625 0.11406250000000001
10 0.1171875 0.37890625 0.11875000000000001 0.1328125
14 0.38203125000000004 0.39687500000000003 0.1453125 0.14375000000000002
33 0.6000000000000001 0.36640625000000004 0.125 0.1234375
33 0.8656250000000001 0.36953125000000003 0.1375 0.1328125
9 0.09843750000000001 0.61484375 0.08750000000000001 0.11406250000000001
3 0.3609375 0.61640625 0.1625 0.1609375
