8 0.11484375000000001 0.1296875 0.1390625 0.14375000000000002
18 0.3484375 0.11093750000000001 0.1125 0.1375
24 0.6265625 0.11953125 0.134375 0.13593750000000002
19 0.88203125 0.153125 0.1640625 0.171875
16 0.1265625 0.38203125000000004 0.15000000000000002 0.1484375
10 0.35625 0.37265625 0.134375 0.1484375
16 0.5953125 0.40625 0.125 0.1625
15 0.86640625 0.35859375000000004 0.1015625 0.1078125
14 0.109375 0.6234375000000001 0.10312500000000001 0.109375
11 0.36640625000000004 0.63046875 0.13593750000000002 0.1296875
35 0.59921875 0.6203125 0.1265625 0.15000000000000002
16 0.8718750000000001 0.5945312500000001 0.115625 0.1171875
26 0.1125 0.8601562500000001 0.12187500000000001 0.1265625
34 0.32265625000000003 0.84921875 0.1046875 0.1046875
24 0.64609375 0.8609375 0.1546875 0.15937500000000002
