27 0.109375 0.0734375 0.09375 0.09062500000000001
17 0.3765625 0.09062500000000001 0.1 0.1
2 0.6078125000000001 0.11953125 0.15937500000000002 0.16718750000000002
25 0.8234375 0.1 0.12187500000000001 0.12187500000000001
3 0.1015625 0.40078125000000003 0.10625000000000001 0.1421875
13 0.36484375 0.34453125 0.09843750000000001 0.1078125
7 0.6296875000000001 0.35546875 0.09375 0.1234375
10 0.88046875 0.3171875 0.11406250000000001 0.115625
10 0.125 0.58125 0.096875 0.096875
35 0.36562500000000003 0.6218750000000001 0.13125 0.134375
7 0.60859375 0.61328125 0.1328125 0.1296875
1 0.84140625 0.5945312500000001 0.09531250000000001 0.1015625
23 0.12109375 0.89375 0.1421875 0.140625
