7 0.12421875 0.07421875 0.1015625 0.1171875
33 0.38359375 0.134375 0.1453125 0.1375
25 0.6218750000000001 0.06484375 0.1 0.1046875
10 0.8640625000000001 0.09765625 0.11875000000000001 0.11406250000000001
13 0.11406250000000001 0.39296875000000003 0.15000000000000002 0.1453125
17 0.3515625 0.37421875000000004 0.115625 0.11406250000000001
25 0.58046875 0.36015625 0.1171875 0.1171875
24 0.8453125 0.34140625 0.10625000000000001 0.11093750000000001
17 0.10312500000000001 0.6140625000000001 0.09375 0.084375
25 0.34140625 0.63046875 0.09531250000000001 0.09531250000000001
24 0.6296875000000001 0.5859375 0.10312500000000001 0.10312500000000001
10 0.8578125000000001 0.63046875 0.146875 0.1484375
