34 0.10546875 0.10703125000000001 0.1015625 0.1015625
32 0.371875 0.10078125 0.134375 0.11093750000000001
6 0.6015625 0.13593750000000002 0.10312500000000001 0.115625
29 0.8703125 0.12187500000000001 0.096875 0.109375
20 0.12734375 0.35546875 0.1234375 0.1234375
9 0.36250000000000004 0.3640625 0.1375 0.146875
34 0.63203125 0.36562500000000003 0.1203125 0.12812500000000002
0 0.86328125 0.37343750000000003 0.13593750000000002 0.12812500000000002
13 0.08125 0.59140625 0.1125 0.11093750000000001
5 0.3375 0.58359375 0.09062500000000001 0.11406250000000001
15 0.58046875 0.6265625 0.1296875 0.1125
18 0.8289062500000001 0.58203125 0.0765625 0.09531250000000001
