6 0.12187500000000001 0.13515625 0.109375 0.13593750000000002
22 0.36640625000000004 0.153125 0.16718750000000002 0.16875
16 0.64453125 0.15937500000000002 0.18281250000000002 0.1875
3 0.8539062500000001 0.134375 0.1015625 0.12187500000000001
16 0.11406250000000001 0.35390625000000003 0.1 0.11093750000000001
1 0.35625 0.39765625000000004 0.07187500000000001 0.1390625
1 0.6125 0.37265625 0.146875 0.15156250000000002
25 0.8640625000000001 0.36953125000000003 0.10625000000000001 0.1234375
13 0.08281250000000001 0.578125 0.09375 0.09062500000000001
18 0.33906250000000004 0.6234375000000001 0.10312500000000001 0.115625
