35 0.11406250000000001 0.09765625 0.109375 0.11093750000000001
22 0.35078125000000004 0.146875 0.15781250000000002 0.153125
29 0.640625 0.14921875 0.146875 0.1484375
2 0.88203125 0.14375000000000002 0.1453125 0.14375000000000002
33 0.12812500000000002 0.3953125 0.184375 0.178125
34 0.35781250000000003 0.3671875 0.1 0.10312500000000001
0 0.6273437500000001 0.39453125 0.1484375 0.1453125
14 0.84921875 0.33984375 0.09843750000000001 0.1046875
28 0.10312500000000001 0.6218750000000001 0.096875 0.1
10 0.36015625 0.6171875 0.1640625 0.1625
8 0.58984375 0.6296875000000001 0.1171875 0.109375
