12 0.11640625 0.0859375 0.1078125 0.1125
29 0.36953125000000003 0.12265625000000001 0.1421875 0.1453125
32 0.6203125 0.078125 0.1 0.096875
25 0.88828125 0.15625 0.1421875 0.140625
34 0.1046875 0.37578125 0.115625 0.1171875
31 0.3484375 0.33984375 0.1 0.0921875
7 0.63046875 0.359375 0.1265625 0.12187500000000001
21 0.85546875 0.34453125 0.1265625 0.11406250000000001
35 0.11796875000000001 0.6171875 0.1078125 0.125
6 0.37109375 0.66015625 0.1296875 0.1546875
35 0.6156250000000001 0.609375 0.12812500000000002 0.12812500000000002
27 0.88984375 0.5921875 0.13593750000000002 0.1375
26 0.1390625 0.8695312500000001 0.19687500000000002 0.19843750000000002
