20 0.13828125 0.15703125 0.1328125 0.1265625
25 0.37109375 0.1265625 0.16718750000000002 0.16562500000000002
13 0.63046875 0.12421875 0.16718750000000002 0.17343750000000002
27 0.88046875 0.15234375 0.2078125 0.21406250000000002
6 0.11796875000000001 0.3609375 0.1609375 0.16562500000000002
7 0.35625 0.328125 0.1 0.115625
19 0.59296875 0.35078125000000004 0.07968750000000001 0.1203125
10 0.8523437500000001 0.36484375 0.1015625 0.09531250000000001
11 0.1046875 0.6125 0.1 0.096875
34 0.375 0.62890625 0.178125 0.1765625
