1 0.13125 0.09609375 0.13125 0.1421875
2 0.34140625 0.11328125 0.0734375 0.09531250000000001
18 0.59609375 0.14453125 0.09531250000000001 0.1234375
6 0.8578125000000001 0.13125 0.0625 0.09375
24 0.11484375000000001 0.3484375 0.1015625 0.10312500000000001
20 0.3953125 0.37421875000000004 0.18125000000000002 0.1765625
26 0.628125 0.36484375 0.17500000000000002 0.1703125
26 0.88671875 0.37890625 0.15781250000000002 0.1640625
33 0.12812500000000002 0.6046875 0.1375 0.140625
27 0.3640625 0.5945312500000001 0.096875 0.1078125
8 0.6335937500000001 0.634375 0.1421875 0.14375000000000002
1 0.87421875 0.6335937500000001 0.1296875 0.1390625
30 0.10703125000000001 0.878125 0.1421875 0.14375000000000002
3 0.353125 0.8859375 0.16562500000000002 0.1625
