7 0.12578125 0.13203125000000002 0.08281250000000001 0.1046875
21 0.3609375 0.096875 0.10312500000000001 0.10312500000000001
16 0.63203125 0.1390625 0.13593750000000002 0.153125
28 0.85703125 0.09296875 0.0921875 0.1046875
13 0.096875 0.325 0.115625 0.11875000000000001
33 0.35859375000000004 0.3453125 0.11406250000000001 0.115625
33 0.6179687500000001 0.39375000000000004 0.1265625 0.12812500000000002
17 0.8601562500000001 0.353125 0.1171875 0.11875000000000001
7 0.1015625 0.63046875 0.09375 0.1203125
30 0.35781250000000003 0.6359375 0.140625 0.15000000000000002
8 0.6140625000000001 0.6312500000000001 0.115625 0.13125
10 0.8617187500000001 0.6312500000000001 0.1234375 0.12187500000000001
31 0.1125 0.88203125 0.134375 0.1296875
26 0.37890625 0.9148437500000001 0.13593750000000002 0.1640625
22 0.6140625000000001 0.8640625000000001 0.1125 0.109375
15 0.8500000000000001 0.8539062500000001 0.07500000000000001 0.07968750000000001
