35 0.1203125 0.11328125 0.115625 0.1171875
25 0.35703125 0.1171875 0.1390625 0.1375
24 0.62109375 0.10625000000000001 0.1078125 0.1125
16 0.8523437500000001 0.11953125 0.11406250000000001 0.11406250000000001
14 0.0921875 0.3671875 0.1125 0.1125
17 0.35234375 0.3359375 0.0921875 0.109375
7 0.628125 0.3515625 0.11875000000000001 0.1375
8 0.8718750000000001 0.37578125 0.16562500000000002 0.16718750000000002
6 0.13515625 0.5859375 0.1203125 0.13125
11 0.3671875 0.6390625000000001 0.11875000000000001 0.125
1 0.61328125 0.59921875 0.09531250000000001 0.1171875
35 0.87421875 0.64453125 0.1390625 0.1453125
9 0.09140625000000001 0.8500000000000001 0.0765625 0.09375
33 0.35625 0.81640625 0.08750000000000001 0.08281250000000001
2 0.6179687500000001 0.8125 0.09531250000000001 0.109375
