34 0.08515625 0.1203125 0.07968750000000001 0.09375
23 0.35000000000000003 0.13125 0.146875 0.146875
0 0.6039062500000001 0.15078125 0.15156250000000002 0.1640625
12 0.859375 0.14921875 0.178125 0.17343750000000002
14 0.09062500000000001 0.37578125 0.1 0.1015625
25 0.36640625000000004 0.38359375 0.1609375 0.1609375
0 0.59765625 0.37812500000000004 0.1296875 0.1375
35 0.8765625 0.39921875 0.13125 0.1328125
20 0.14609375 0.5984375000000001 0.15156250000000002 0.15625
19 0.36250000000000004 0.6078125000000001 0.1125 0.1125
17 0.609375 0.6265625 0.096875 0.109375
8 0.8562500000000001 0.6109375 0.12812500000000002 0.15937500000000002
