17 0.0890625 0.12421875 0.109375 0.1078125
18 0.35625 0.08515625 0.078125 0.09843750000000001
13 0.6125 0.12109375 0.115625 0.1203125
20 0.8304687500000001 0.10390625 0.11093750000000001 0.11093750000000001
23 0.1015625 0.36484375 0.15000000000000002 0.1484375
14 0.36328125 0.33671875 0.1046875 0.1078125
17 0.5984375000000001 0.321875 0.084375 0.1
6 0.8609375 0.37578125 0.096875 0.1171875
0 0.12734375 0.6046875 0.1296875 0.12812500000000002
33 0.3828125 0.5875 0.12812500000000002 0.12812500000000002
13 0.6375000000000001 0.625 0.18125000000000002 0.18125000000000002
13 0.8695312500000001 0.6109375 0.1296875 0.13125
21 0.12109375 0.8515625 0.1234375 0.12812500000000002
