16 0.1046875 0.1234375 0.1625 0.171875
32 0.38203125000000004 0.1609375 0.2234375 0.21250000000000002
6 0.60078125 0.09062500000000001 0.1265625 0.13125
3 0.85078125 0.11875000000000001 0.11406250000000001 0.134375
29 0.10625000000000001 0.34296875000000004 0.11875000000000001 0.1265625
33 0.35859375000000004 0.37890625 0.1421875 0.1421875
3 0.6234375000000001 0.40703125 0.12187500000000001 0.11406250000000001
8 0.878125 0.3921875 0.134375 0.15000000000000002
26 0.10625000000000001 0.6429687500000001 0.1125 0.11406250000000001
2 0.36328125 0.61328125 0.16718750000000002 0.17343750000000002
13 0.60859375 0.6125 0.1203125 0.13125
11 0.84375 0.6023437500000001 0.07187500000000001 0.07968750000000001
