27 0.09062500000000001 0.10078125 0.115625 0.11406250000000001
22 0.3953125 0.07265625 0.134375 0.1265625
32 0.63046875 0.13125 0.1796875 0.178125
11 0.8796875000000001 0.08203125 0.08750000000000001 0.0859375
3 0.13203125000000002 0.34453125 0.1265625 0.1265625
19 0.3609375 0.33906250000000004 0.1 0.115625
10 0.62265625 0.3484375 0.1390625 0.134375
0 0.8187500000000001 0.34140625 0.09375 0.1046875
4 0.11406250000000001 0.634375 0.125 0.1375
3 0.33359375 0.59296875 0.1046875 0.11406250000000001
18 0.60859375 0.571875 0.0703125 0.115625
