14 0.11640625 0.10703125000000001 0.1265625 0.1234375
8 0.34687500000000004 0.11796875000000001 0.07500000000000001 0.11093750000000001
18 0.6023437500000001 0.1296875 0.0703125 0.08750000000000001
16 0.859375 0.1328125 0.15000000000000002 0.153125
11 0.13593750000000002 0.3328125 0.11875000000000001 0.1125
31 0.37343750000000003 0.35000000000000003 0.134375 0.134375
4 0.6109375 0.371875 0.10625000000000001 0.140625
33 0.8500000000000001 0.37265625 0.08125 0.0921875
33 0.11093750000000001 0.56796875 0.096875 0.1078125
1 0.35234375 0.5859375 0.0890625 0.1125
12 0.6312500000000001 0.6359375 0.15625 0.16562500000000002
21 0.8718750000000001 0.6468750000000001 0.178125 0.16562500000000002
17 0.12265625000000001 0.8757812500000001 0.1296875 0.1484375
3 0.37343750000000003 0.8984375 0.12187500000000001 0.15625
10 0.61640625 0.86640625 0.1421875 0.1328125
