23 0.11406250000000001 0.125 0.134375 0.134375
7 0.36171875000000003 0.0921875 0.11406250000000001 0.11875000000000001
11 0.628125 0.12734375 0.153125 0.1453125
35 0.8367187500000001 0.11796875000000001 0.1296875 0.1203125
24 0.11953125 0.36796875 0.1453125 0.1484375
19 0.36328125 0.39375000000000004 0.1234375 0.12812500000000002
18 0.59296875 0.34375 0.08281250000000001 0.08750000000000001
1 0.8148437500000001 0.33906250000000004 0.07968750000000001 0.096875
5 0.11406250000000001 0.62109375 0.096875 0.11093750000000001
7 0.35000000000000003 0.6375000000000001 0.109375 0.13125
24 0.64765625 0.6468750000000001 0.18281250000000002 0.19062500000000002
31 0.84765625 0.6015625 0.1390625 0.134375
11 0.12109375 0.88984375 0.13593750000000002 0.1453125
8 0.3359375 0.8546875 0.09375 0.1125
