3 0.12812500000000002 0.08125 0.11875000000000001 0.134375
25 0.36875 0.11328125 0.15937500000000002 0.16718750000000002
4 0.62109375 0.13515625 0.1390625 0.1484375
34 0.85546875 0.13828125 0.1328125 0.13593750000000002
11 0.09453125000000001 0.36562500000000003 0.11406250000000001 0.109375
6 0.375 0.36171875000000003 0.12812500000000002 0.15156250000000002
14 0.6265625 0.37343750000000003 0.16875 0.1625
8 0.8289062500000001 0.3671875 0.09843750000000001 0.10625000000000001
18 0.1015625 0.5796875 0.06875 0.078125
33 0.35546875 0.60703125 0.11093750000000001 0.11406250000000001
26 0.64765625 0.665625 0.1609375 0.15937500000000002
23 0.846875 0.584375 0.09062500000000001 0.08750000000000001
16 0.1203125 0.878125 0.134375 0.13125
31 0.36171875000000003 0.8679687500000001 0.1265625 0.1234375
