6 0.09375 0.125 0.07187500000000001 0.096875
1 0.36484375 0.096875 0.045312500000000006 0.109375
27 0.62890625 0.109375 0.13593750000000002 0.1375
29 0.875 0.10312500000000001 0.115625 0.11875000000000001
9 0.11171875 0.40703125 0.1078125 0.13593750000000002
11 0.375 0.38515625000000003 0.140625 0.1296875
21 0.6234375000000001 0.38984375000000004 0.14375000000000002 0.1453125
10 0.8703125 0.3453125 0.125 0.140625
17 0.11093750000000001 0.63203125 0.12812500000000002 0.1265625
19 0.36250000000000004 0.62109375 0.10625000000000001 0.11093750000000001
6 0.5875 0.6375000000000001 0.096875 0.09062500000000001
6 0.828125 0.5921875 0.096875 0.1125
3 0.13203125000000002 0.8515625 0.1703125 0.1625
22 0.37734375000000003 0.8546875 0.1546875 0.140625
