10 0.13203125000000002 0.10234375000000001 0.1453125 0.1453125
9 0.35859375000000004 0.08203125 0.08281250000000001 0.09843750000000001
16 0.6125 0.11953125 0.1125 0.11093750000000001
23 0.89609375 0.125 0.1484375 0.14375000000000002
25 0.11796875000000001 0.39375000000000004 0.1203125 0.11875000000000001
4 0.34140625 0.36171875000000003 0.08281250000000001 0.1078125
16 0.640625 0.3640625 0.15937500000000002 0.16562500000000002
27 0.8859375 0.39453125 0.134375 0.1421875
30 0.08984375 0.6179687500000001 0.0890625 0.0921875
28 0.37890625 0.6156250000000001 0.1703125 0.184375
7 0.6335937500000001 0.6179687500000001 0.1390625 0.15156250000000002
17 0.8875000000000001 0.5984375000000001 0.140625 0.140625
27 0.1171875 0.89453125 0.125 0.1203125
8 0.36953125000000003 0.81796875 0.09531250000000001 0.1078125
10 0.6078125000000001 0.8757812500000001 0.14375000000000002 0.1453125
