27 0.09609375 0.10234375000000001 0.1078125 0.1046875
9 0.36250000000000004 0.12734375 0.15937500000000002 0.1640625
35 0.59609375 0.10859375 0.09531250000000001 0.1046875
31 0.86328125 0.1265625 0.1046875 0.12187500000000001
0 0.09375 0.36015625 0.1375 0.1328125
18 0.33203125 0.35078125000000004 0.0765625 0.11406250000000001
10 0.6156250000000001 0.36484375 0.14375000000000002 0.1453125
30 0.8703125 0.37265625 0.14375000000000002 0.1546875
21 0.1375 0.6484375 0.15000000000000002 0.15937500000000002
28 0.35859375000000004 0.58984375 0.07968750000000001 0.09843750000000001
16 0.61640625 0.60703125 0.1171875 0.1203125
12 0.85546875 0.60078125 0.0890625 0.0890625
11 0.07968750000000001 0.853125 0.12812500000000002 0.125
27 0.35859375000000004 0.8875000000000001 0.1015625 0.096875
29 0.6015625 0.8500000000000001 0.134375 0.140625
