23 0.1234375 0.10312500000000001 0.134375 0.134375
23 0.38359375 0.12578125 0.16718750000000002 0.1421875
9 0.6171875 0.1046875 0.11875000000000001 0.14375000000000002
11 0.84921875 0.10234375000000001 0.1546875 0.15156250000000002
11 0.09843750000000001 0.38359375 0.15625 0.15781250000000002
18 0.35781250000000003 0.37734375000000003 0.10625000000000001 0.1203125
28 0.63828125 0.31328125 0.09531250000000001 0.09843750000000001
23 0.8859375 0.37109375 0.146875 0.1421875
5 0.1 0.63203125 0.109375 0.1203125
35 0.36953125000000003 0.58359375 0.1203125 0.1203125
33 0.6218750000000001 0.6484375 0.13125 0.13125
16 0.890625 0.6312500000000001 0.153125 0.153125
35 0.11093750000000001 0.8671875 0.11875000000000001 0.140625
16 0.37109375 0.88828125 0.13593750000000002 0.13593750000000002
