20 0.13046875 0.07187500000000001 0.1171875 0.115625
27 0.371875 0.1078125 0.171875 0.171875
11 0.60703125 0.09140625000000001 0.09531250000000001 0.1015625
2 0.85546875 0.1078125 0.07968750000000001 0.10312500000000001
14 0.1015625 0.34609375000000003 0.08750000000000001 0.1078125
1 0.37265625 0.35859375000000004 0.11093750000000001 0.13593750000000002
0 0.6203125 0.34765625 0.09375 0.1296875
14 0.8484375000000001 0.34453125 0.059375000000000004 0.1015625
3 0.10312500000000001 0.60546875 0.09375 0.1296875
32 0.421875 0.6039062500000001 0.209375 0.2109375
8 0.59609375 0.63828125 0.1453125 0.15781250000000002
24 0.88046875 0.57421875 0.1234375 0.1265625
27 0.13828125 0.83984375 0.1390625 0.1453125
13 0.34921875 0.853125 0.1171875 0.115625
30 0.59609375 0.8546875 0.0703125 0.09062500000000001
28 0.8421875000000001 0.878125 0.07187500000000001 0.09375
