35 0.11796875000000001 0.13515625 0.1484375 0.15156250000000002
13 0.3453125 0.11015625000000001 0.13125 0.1296875
23 0.603125 0.09921875000000001 0.096875 0.09531250000000001
14 0.8765625 0.10390625 0.140625 0.1390625
12 0.11875000000000001 0.36015625 0.11875000000000001 0.1171875
7 0.37578125 0.3453125 0.1203125 0.12812500000000002
10 0.60546875 0.37734375000000003 0.1015625 0.0921875
7 0.8203125 0.3640625 0.115625 0.109375
0 0.09921875000000001 0.6375000000000001 0.1015625 0.10312500000000001
16 0.39765625000000004 0.628125 0.1796875 0.18125000000000002
6 0.6156250000000001 0.6351562500000001 0.12187500000000001 0.1546875
