1 0.1078125 0.12890625 0.05625 0.1046875
13 0.38359375 0.096875 0.1234375 0.12812500000000002
31 0.59609375 0.11875000000000001 0.0859375 0.10312500000000001
34 0.8445312500000001 0.09843750000000001 0.1171875 0.11875000000000001
24 0.10625000000000001 0.3609375 0.15937500000000002 0.15937500000000002
26 0.371875 0.38593750000000004 0.16875 0.1625
31 0.61640625 0.33828125000000003 0.09843750000000001 0.1078125
11 0.87109375 0.37265625 0.1421875 0.15156250000000002
14 0.11328125 0.628125 0.13593750000000002 0.1375
12 0.35625 0.6101562500000001 0.08125 0.09531250000000001
16 0.6312500000000001 0.62265625 0.1875 0.18906250000000002
12 0.85703125 0.634375 0.11093750000000001 0.115625
11 0.14375000000000002 0.8203125 0.115625 0.11875000000000001
34 0.3765625 0.87109375 0.15937500000000002 0.15781250000000002
3 0.6023437500000001 0.88671875 0.11406250000000001 0.11093750000000001
