30 0.13515625 0.11171875 0.1265625 0.1328125
2 0.37031250000000004 0.1328125 0.14375000000000002 0.153125
33 0.61328125 0.096875 0.09843750000000001 0.1
35 0.846875 0.115625 0.1125 0.1125
10 0.1234375 0.31953125000000004 0.1125 0.11093750000000001
7 0.34921875 0.34375 0.1046875 0.115625
14 0.6000000000000001 0.37734375000000003 0.096875 0.1015625
21 0.8609375 0.4 0.14375000000000002 0.14375000000000002
7 0.08828125 0.6429687500000001 0.1203125 0.1328125
13 0.36250000000000004 0.6000000000000001 0.109375 0.109375
14 0.628125 0.609375 0.1375 0.1375
