16 0.13125 0.13359375 0.140625 0.1421875
4 0.3484375 0.1265625 0.09375 0.1
4 0.6234375000000001 0.08671875000000001 0.10312500000000001 0.11093750000000001
24 0.88046875 0.14609375 0.1328125 0.1296875
7 0.11328125 0.3375 0.11093750000000001 0.125
2 0.33125000000000004 0.35625 0.13125 0.13125
19 0.59921875 0.35625 0.0921875 0.125
13 0.85546875 0.39687500000000003 0.07968750000000001 0.115625
23 0.11015625000000001 0.6312500000000001 0.1078125 0.11875000000000001
33 0.36640625000000004 0.6234375000000001 0.11406250000000001 0.1125
4 0.6109375 0.56796875 0.084375 0.09843750000000001
32 0.890625 0.6195312500000001 0.19375 0.18906250000000002
32 0.10312500000000001 0.8250000000000001 0.1375 0.115625
32 0.35781250000000003 0.8500000000000001 0.09062500000000001 0.09062500000000001
6 0.60078125 0.8718750000000001 0.0703125 0.109375
