2 0.11328125 0.14765625000000002 0.1078125 0.1328125
16 0.37578125 0.16328125000000002 0.18281250000000002 0.1859375
6 0.60078125 0.11093750000000001 0.1171875 0.125
14 0.8773437500000001 0.13515625 0.1765625 0.1765625
23 0.12890625 0.34765625 0.13593750000000002 0.1296875
8 0.36171875000000003 0.35781250000000003 0.0703125 0.109375
3 0.62109375 0.340625 0.11093750000000001 0.12187500000000001
33 0.8343750000000001 0.34296875000000004 0.096875 0.09843750000000001
2 0.0859375 0.61328125 0.109375 0.11406250000000001
35 0.34687500000000004 0.5789062500000001 0.05 0.0671875
18 0.61484375 0.64375 0.1234375 0.12812500000000002
7 0.853125 0.60703125 0.10625000000000001 0.1046875
2 0.12109375 0.9078125 0.1265625 0.146875
17 0.3796875 0.8757812500000001 0.16562500000000002 0.16718750000000002
24 0.603125 0.8773437500000001 0.109375 0.1296875
