29 0.1171875 0.13984375000000002 0.12812500000000002 0.1296875
35 0.38203125000000004 0.11875000000000001 0.1703125 0.171875
9 0.61484375 0.12890625 0.1265625 0.1484375
35 0.8546875 0.10546875 0.17500000000000002 0.17343750000000002
6 0.10234375000000001 0.3359375 0.09531250000000001 0.11875000000000001
8 0.39296875000000003 0.3359375 0.1234375 0.11875000000000001
34 0.64609375 0.38828125 0.17343750000000002 0.17343750000000002
24 0.8835937500000001 0.38828125 0.1796875 0.18281250000000002
2 0.11484375000000001 0.61875 0.13593750000000002 0.146875
1 0.35390625000000003 0.628125 0.09531250000000001 0.125
