18 0.12187500000000001 0.10859375 0.125 0.1203125
23 0.3609375 0.12421875 0.13125 0.1296875
1 0.61484375 0.09453125000000001 0.0859375 0.1078125
18 0.87265625 0.09062500000000001 0.09531250000000001 0.096875
24 0.11328125 0.3515625 0.16718750000000002 0.16562500000000002
16 0.34609375000000003 0.3609375 0.11406250000000001 0.10625000000000001
0 0.6109375 0.31953125000000004 0.07500000000000001 0.09843750000000001
3 0.8562500000000001 0.3984375 0.1 0.140625
19 0.07734375 0.6015625 0.0921875 0.1125
33 0.38046875 0.59765625 0.1265625 0.1265625
12 0.61875 0.64375 0.115625 0.1125
27 0.9031250000000001 0.565625 0.09375 0.09375
2 0.09062500000000001 0.8515625 0.140625 0.14375000000000002
20 0.34296875000000004 0.8562500000000001 0.1234375 0.125
8 0.65234375 0.8203125 0.1015625 0.1
12 0.8859375 0.8539062500000001 0.171875 0.1796875
