25 0.10703125000000001 0.078125 0.0765625 0.1
29 0.38359375 0.15937500000000002 0.1453125 0.134375
0 0.6117187500000001 0.11328125 0.1234375 0.1421875
3 0.85703125 0.12109375 0.1234375 0.15156250000000002
0 0.09375 0.36953125000000003 0.059375000000000004 0.0890625
20 0.37812500000000004 0.3984375 0.14375000000000002 0.14375000000000002
35 0.60078125 0.37109375 0.0890625 0.1078125
0 0.8562500000000001 0.37265625 0.10625000000000001 0.11093750000000001
31 0.15390625000000002 0.62109375 0.15781250000000002 0.1703125
14 0.353125 0.61875 0.12812500000000002 0.12812500000000002
13 0.6125 0.5945312500000001 0.13125 0.1453125
12 0.86484375 0.625 0.1171875 0.11875000000000001
16 0.13203125000000002 0.8859375 0.15156250000000002 0.15625
