32 0.13203125000000002 0.12578125 0.15156250000000002 0.1234375
34 0.3484375 0.1375 0.171875 0.16875
6 0.6000000000000001 0.12578125 0.1125 0.1078125
9 0.8812500000000001 0.12812500000000002 0.153125 0.14375000000000002
1 0.11875000000000001 0.37343750000000003 0.12187500000000001 0.14375000000000002
21 0.35703125 0.35390625000000003 0.1015625 0.1078125
18 0.5867187500000001 0.36328125 0.0578125 0.09531250000000001
14 0.8835937500000001 0.36640625000000004 0.1296875 0.1390625
6 0.1078125 0.61328125 0.09375 0.1390625
23 0.36328125 0.61328125 0.1046875 0.13593750000000002
21 0.625 0.58046875 0.1 0.1078125
4 0.8515625 0.6023437500000001 0.06875 0.0921875
22 0.109375 0.89765625 0.16875 0.1765625
32 0.353125 0.8851562500000001 0.10625000000000001 0.1078125
30 0.61328125 0.8406250000000001 0.17343750000000002 0.171875
