10 0.09843750000000001 0.115625 0.10312500000000001 0.1125
1 0.36640625000000004 0.1234375 0.11093750000000001 0.11875000000000001
34 0.6039062500000001 0.11484375000000001 0.1453125 0.1453125
21 0.8812500000000001 0.134375 0.15937500000000002 0.16875
21 0.109375 0.3484375 0.15000000000000002 0.140625
9 0.3671875 0.31953125000000004 0.078125 0.09531250000000001
24 0.6484375 0.37890625 0.171875 0.1703125
19 0.86328125 0.38203125000000004 0.1296875 0.1453125
21 0.12187500000000001 0.59765625 0.115625 0.1171875
18 0.33203125 0.6468750000000001 0.060937500000000006 0.140625
26 0.640625 0.6140625000000001 0.19062500000000002 0.19062500000000002
35 0.8515625 0.62109375 0.08750000000000001 0.1078125
11 0.0859375 0.8390625 0.07500000000000001 0.08125
