32 0.13515625 0.10859375 0.1546875 0.15156250000000002
29 0.38515625000000003 0.08281250000000001 0.1328125 0.134375
19 0.63203125 0.10390625 0.1421875 0.1453125
25 0.87890625 0.12812500000000002 0.1703125 0.171875
0 0.1375 0.38671875 0.15937500000000002 0.1609375
34 0.359375 0.38593750000000004 0.16875 0.171875
7 0.62890625 0.38984375000000004 0.17343750000000002 0.1703125
9 0.84921875 0.3796875 0.1640625 0.15937500000000002
0 0.1296875 0.56796875 0.09375 0.1015625
33 0.36015625 0.62265625 0.1234375 0.1390625
21 0.625 0.6453125000000001 0.1375 0.1375
