28 0.096875 0.10625000000000001 0.1 0.10312500000000001
10 0.35000000000000003 0.1125 0.096875 0.09375
11 0.59609375 0.08671875000000001 0.07968750000000001 0.0765625
32 0.88046875 0.1609375 0.1265625 0.125
33 0.08671875000000001 0.3484375 0.1296875 0.12812500000000002
19 0.37734375000000003 0.35625 0.1640625 0.1625
34 0.61640625 0.36796875 0.1421875 0.1484375
4 0.85546875 0.35234375 0.0921875 0.1015625
23 0.08281250000000001 0.5890625 0.078125 0.096875
25 0.3765625 0.6265625 0.16875 0.17500000000000002
