17 0.125 0.12578125 0.153125 0.1421875
18 0.35703125 0.07109375 0.0765625 0.1078125
15 0.60703125 0.096875 0.0921875 0.096875
10 0.8609375 0.07968750000000001 0.109375 0.096875
21 0.1265625 0.325 0.096875 0.10312500000000001
2 0.35078125000000004 0.3609375 0.07968750000000001 0.109375
34 0.60546875 0.36796875 0.11406250000000001 0.1203125
17 0.8703125 0.36796875 0.15625 0.1609375
27 0.1171875 0.59765625 0.12187500000000001 0.1265625
3 0.35390625000000003 0.59921875 0.0734375 0.11406250000000001
35 0.628125 0.5750000000000001 0.09375 0.09375
