11 0.0890625 0.1015625 0.140625 0.140625
27 0.3125 0.10859375 0.10625000000000001 0.1078125
3 0.6218750000000001 0.1296875 0.125 0.140625
35 0.85703125 0.13359375 0.09531250000000001 0.1015625
5 0.07734375 0.36796875 0.1046875 0.1078125
25 0.38828125 0.371875 0.1796875 0.18125000000000002
16 0.6203125 0.34453125 0.11875000000000001 0.1203125
18 0.8445312500000001 0.36640625000000004 0.0484375 0.11093750000000001
24 0.12578125 0.6140625000000001 0.1609375 0.1625
15 0.35468750000000004 0.6195312500000001 0.13125 0.1234375
1 0.603125 0.6453125000000001 0.14375000000000002 0.13125
30 0.85546875 0.60078125 0.0859375 0.0921875
28 0.1 0.88203125 0.109375 0.1171875
4 0.37734375000000003 0.8289062500000001 0.11093750000000001 0.11406250000000001
17 0.61328125 0.8734375000000001 0.1421875 0.140625
32 0.89765625 0.84921875 0.1796875 0.1546875
