25 0.1 0.140625 0.05625 0.10312500000000001
1 0.36328125 0.13203125000000002 0.0859375 0.1171875
21 0.6140625000000001 0.11484375000000001 0.14375000000000002 0.1546875
9 0.84375 0.07578125000000001 0.065625 0.09843750000000001
25 0.10390625 0.37343750000000003 0.1203125 0.11875000000000001
7 0.35234375 0.38515625000000003 0.1296875 0.1296875
3 0.5984375000000001 0.3921875 0.10625000000000001 0.1
35 0.890625 0.36796875 0.19062500000000002 0.18906250000000002
19 0.09453125000000001 0.6257812500000001 0.1015625 0.11093750000000001
28 0.353125 0.6484375 0.18125000000000002 0.184375
35 0.62890625 0.59296875 0.1328125 0.1328125
16 0.8539062500000001 0.5859375 0.1453125 0.146875
21 0.12109375 0.84296875 0.1078125 0.11093750000000001
