12 0.07421875 0.09062500000000001 0.09843750000000001 0.1
33 0.38515625000000003 0.1484375 0.15781250000000002 0.15625
4 0.6109375 0.11796875000000001 0.09375 0.1171875
29 0.87890625 0.13828125 0.1484375 0.15156250000000002
10 0.08671875000000001 0.35546875 0.1453125 0.1453125
8 0.35859375000000004 0.34921875 0.0921875 0.1234375
1 0.6125 0.32890625 0.09062500000000001 0.1046875
2 0.83515625 0.36875 0.11406250000000001 0.11875000000000001
3 0.08671875000000001 0.59609375 0.1234375 0.1296875
4 0.359375 0.6265625 0.1375 0.15937500000000002
27 0.6421875 0.6156250000000001 0.184375 0.19062500000000002
