11 0.12734375 0.1265625 0.1484375 0.15625
2 0.3609375 0.1453125 0.125 0.1375
9 0.6218750000000001 0.0859375 0.12812500000000002 0.1375
29 0.8445312500000001 0.08671875000000001 0.1390625 0.1390625
1 0.09375 0.3828125 0.140625 0.14375000000000002
34 0.33437500000000003 0.36328125 0.12812500000000002 0.1265625
16 0.6156250000000001 0.40234375 0.12812500000000002 0.1640625
33 0.8656250000000001 0.35000000000000003 0.12187500000000001 0.1125
10 0.1125 0.61484375 0.15625 0.1546875
23 0.38593750000000004 0.5765625 0.10625000000000001 0.10625000000000001
31 0.6234375000000001 0.5890625 0.12812500000000002 0.115625
11 0.89453125 0.5984375000000001 0.15156250000000002 0.153125
12 0.14296875 0.8390625 0.1296875 0.125
10 0.37734375000000003 0.86875 0.1546875 0.1625
