27 0.11093750000000001 0.15156250000000002 0.13125 0.13125
7 0.36796875 0.13593750000000002 0.11093750000000001 0.10625000000000001
5 0.6078125000000001 0.09140625000000001 0.09062500000000001 0.1078125
18 0.8546875 0.1015625 0.07187500000000001 0.08750000000000001
21 0.10234375000000001 0.36171875000000003 0.0703125 0.13593750000000002
19 0.3609375 0.390625 0.10625000000000001 0.109375
11 0.640625 0.36250000000000004 0.16562500000000002 0.146875
17 0.890625 0.32578125 0.1 0.09843750000000001
6 0.10234375000000001 0.59765625 0.07968750000000001 0.11406250000000001
27 0.37812500000000004 0.6265625 0.15937500000000002 0.1625
29 0.60546875 0.6179687500000001 0.1015625 0.1046875
17 0.8765625 0.603125 0.125 0.125
11 0.09921875000000001 0.890625 0.08281250000000001 0.1
12 0.39375000000000004 0.875 0.178125 0.178125
15 0.59765625 0.8828125 0.0765625 0.08750000000000001
0 0.8460937500000001 0.8609375 0.1171875 0.1375
