4 0.11171875 0.13828125 0.15781250000000002 0.1703125
10 0.3609375 0.09843750000000001 0.12187500000000001 0.109375
19 0.6125 0.11093750000000001 0.12187500000000001 0.140625
13 0.8484375000000001 0.10625000000000001 0.08125 0.078125
17 0.13203125000000002 0.36171875000000003 0.1421875 0.1421875
13 0.3640625 0.38203125000000004 0.1375 0.1390625
3 0.60859375 0.38203125000000004 0.09843750000000001 0.1328125
0 0.8460937500000001 0.36640625000000004 0.1296875 0.1421875
35 0.07187500000000001 0.58828125 0.10312500000000001 0.1078125
23 0.384375 0.6414062500000001 0.14375000000000002 0.1421875
7 0.61484375 0.59921875 0.1296875 0.1484375
27 0.8523437500000001 0.5890625 0.1078125 0.11875000000000001
16 0.1203125 0.8578125000000001 0.146875 0.15000000000000002
27 0.38593750000000004 0.84921875 0.15625 0.1265625
