27 0.1390625 0.07734375 0.11875000000000001 0.1171875
3 0.33906250000000004 0.1390625 0.16875 0.16562500000000002
32 0.6531250000000001 0.10625000000000001 0.19375 0.16875
3 0.86875 0.15000000000000002 0.13125 0.12812500000000002
3 0.1078125 0.32890625 0.09375 0.1203125
17 0.41250000000000003 0.38046875 0.203125 0.19843750000000002
3 0.5828125000000001 0.34453125 0.07187500000000001 0.0859375
1 0.859375 0.35859375000000004 0.11875000000000001 0.1234375
3 0.11015625000000001 0.59765625 0.11093750000000001 0.1390625
6 0.35468750000000004 0.62890625 0.09375 0.1265625
11 0.5984375000000001 0.609375 0.115625 0.12187500000000001
6 0.87890625 0.6531250000000001 0.1484375 0.16875
7 0.11406250000000001 0.875 0.078125 0.096875
22 0.3640625 0.8562500000000001 0.153125 0.153125
