4 0.11015625000000001 0.1453125 0.1078125 0.134375
1 0.39140625 0.13046875 0.1421875 0.1234375
25 0.5921875 0.1265625 0.10312500000000001 0.10312500000000001
0 0.846875 0.10312500000000001 0.08125 0.1125
35 0.09531250000000001 0.35078125000000004 0.08125 0.1015625
8 0.36250000000000004 0.35625 0.12812500000000002 0.11875000000000001
0 0.62109375 0.38515625000000003 0.13593750000000002 0.1265625
11 0.85078125 0.33203125 0.06406250000000001 0.09843750000000001
31 0.12890625 0.59765625 0.1265625 0.1234375
14 0.35000000000000003 0.59296875 0.084375 0.09531250000000001
23 0.62421875 0.6468750000000001 0.18906250000000002 0.1875
11 0.84921875 0.6179687500000001 0.08281250000000001 0.11406250000000001
17 0.12734375 0.8140625 0.09531250000000001 0.096875
