3 0.11640625 0.134375 0.1171875 0.13125
0 0.34687500000000004 0.13125 0.078125 0.08750000000000001
18 0.565625 0.13359375 0.09062500000000001 0.0765625
31 0.86875 0.13671875 0.16875 0.15156250000000002
0 0.11796875000000001 0.38125000000000003 0.1265625 0.13125
4 0.34687500000000004 0.35625 0.078125 0.09062500000000001
7 0.6492187500000001 0.3765625 0.16718750000000002 0.1625
27 0.86328125 0.359375 0.1015625 0.10312500000000001
14 0.14765625000000002 0.65390625 0.15781250000000002 0.1640625
22 0.3796875 0.6156250000000001 0.14375000000000002 0.134375
27 0.6000000000000001 0.62890625 0.10312500000000001 0.1203125
7 0.8718750000000001 0.6203125 0.09062500000000001 0.10625000000000001
24 0.1046875 0.8890625000000001 0.109375 0.115625
1 0.36328125 0.8500000000000001 0.09531250000000001 0.1125
31 0.62421875 0.8562500000000001 0.1484375 0.14375000000000002
