14 0.11171875 0.11328125 0.1640625 0.1609375
8 0.37031250000000004 0.084375 0.09062500000000001 0.10312500000000001
17 0.6390625000000001 0.10234375000000001 0.15937500000000002 0.1328125
31 0.9 0.09843750000000001 0.1375 0.15625
9 0.09453125000000001 0.384375 0.13593750000000002 0.14375000000000002
21 0.34687500000000004 0.36015625 0.07187500000000001 0.11093750000000001
20 0.6203125 0.38359375 0.15937500000000002 0.1609375
21 0.8617187500000001 0.36015625 0.09843750000000001 0.1015625
17 0.1 0.63203125 0.07187500000000001 0.09843750000000001
7 0.35781250000000003 0.6023437500000001 0.1 0.1328125
33 0.6234375000000001 0.6312500000000001 0.171875 0.16875
24 0.87109375 0.634375 0.1453125 0.146875
16 0.11640625 0.8718750000000001 0.1328125 0.140625
