35 0.07578125000000001 0.10390625 0.11406250000000001 0.11093750000000001
11 0.359375 0.1390625 0.15937500000000002 0.15937500000000002
23 0.6351562500000001 0.08046875 0.1171875 0.1171875
5 0.85703125 0.1015625 0.08281250000000001 0.09062500000000001
20 0.12187500000000001 0.33203125 0.15000000000000002 0.1453125
4 0.3484375 0.4 0.078125 0.10625000000000001
24 0.6117187500000001 0.3671875 0.1390625 0.15000000000000002
8 0.8562500000000001 0.37812500000000004 0.15000000000000002 0.146875
10 0.11328125 0.6039062500000001 0.1234375 0.1296875
33 0.36640625000000004 0.62265625 0.1171875 0.1296875
28 0.628125 0.625 0.15625 0.15937500000000002
30 0.8703125 0.62265625 0.12187500000000001 0.1203125
15 0.09375 0.8617187500000001 0.109375 0.1203125
5 0.38515625000000003 0.8406250000000001 0.11406250000000001 0.115625
10 0.6117187500000001 0.85859375 0.1046875 0.1390625
15 0.8695312500000001 0.8484375000000001 0.13593750000000002 0.140625
