19 0.11328125 0.09375 0.1171875 0.10625000000000001
2 0.36484375 0.12812500000000002 0.11406250000000001 0.12187500000000001
8 0.6117187500000001 0.1484375 0.0921875 0.13125
1 0.8500000000000001 0.10546875 0.07500000000000001 0.0890625
6 0.11015625000000001 0.35078125000000004 0.1046875 0.13593750000000002
20 0.37578125 0.33515625000000004 0.11406250000000001 0.1234375
4 0.61875 0.34609375000000003 0.10312500000000001 0.1234375
17 0.9031250000000001 0.36796875 0.178125 0.18281250000000002
18 0.09140625000000001 0.6296875000000001 0.1015625 0.12187500000000001
35 0.340625 0.61640625 0.10625000000000001 0.1046875
5 0.6203125 0.6351562500000001 0.15937500000000002 0.17343750000000002
16 0.8609375 0.6078125000000001 0.096875 0.10625000000000001
5 0.10234375000000001 0.8617187500000001 0.1546875 0.15156250000000002
3 0.35859375000000004 0.859375 0.1390625 0.1375
5 0.6078125000000001 0.8835937500000001 0.115625 0.1203125
