19 0.1 0.0765625 0.07187500000000001 0.09062500000000001
34 0.35078125000000004 0.11171875 0.0859375 0.0890625
32 0.628125 0.1046875 0.140625 0.115625
4 0.8500000000000001 0.07968750000000001 0.07500000000000001 0.10312500000000001
1 0.11640625 0.3453125 0.1171875 0.11875000000000001
16 0.34375 0.40625 0.15937500000000002 0.19062500000000002
23 0.6257812500000001 0.37421875000000004 0.11406250000000001 0.1390625
5 0.8562500000000001 0.35625 0.08750000000000001 0.09375
8 0.10078125 0.63203125 0.1296875 0.1328125
33 0.38984375000000004 0.5945312500000001 0.1328125 0.1328125
7 0.6078125000000001 0.65234375 0.10625000000000001 0.1171875
2 0.8656250000000001 0.6625000000000001 0.1125 0.14375000000000002
35 0.12421875 0.8640625000000001 0.1859375 0.184375
