0 0.07109375 0.11875000000000001 0.1078125 0.1
18 0.35703125 0.15078125 0.0859375 0.1296875
13 0.64375 0.09453125000000001 0.14375000000000002 0.1453125
1 0.8757812500000001 0.1296875 0.08281250000000001 0.1375
34 0.096875 0.359375 0.10625000000000001 0.10625000000000001
10 0.36796875 0.35234375 0.1328125 0.13593750000000002
2 0.59765625 0.375 0.0859375 0.1
21 0.8523437500000001 0.38046875 0.1171875 0.1171875
10 0.12890625 0.6000000000000001 0.1421875 0.140625
4 0.3484375 0.63203125 0.115625 0.1203125
3 0.59765625 0.63203125 0.07968750000000001 0.11093750000000001
7 0.8406250000000001 0.6359375 0.12187500000000001 0.134375
6 0.14453125 0.9015625 0.1609375 0.153125
21 0.36953125000000003 0.8734375000000001 0.15156250000000002 0.153125
17 0.60546875 0.8796875000000001 0.1265625 0.12187500000000001
