33 0.10234375000000001 0.14140625 0.18906250000000002 0.1859375
10 0.3453125 0.11328125 0.125 0.1265625
23 0.6351562500000001 0.11406250000000001 0.15156250000000002 0.153125
33 0.8578125000000001 0.11875000000000001 0.14375000000000002 0.14375000000000002
6 0.0859375 0.36875 0.14375000000000002 0.134375
25 0.38046875 0.3359375 0.13593750000000002 0.1375
5 0.6234375000000001 0.33203125 0.09375 0.09531250000000001
5 0.8703125 0.3140625 0.096875 0.109375
23 0.084375 0.609375 0.125 0.125
0 0.35781250000000003 0.65546875 0.08125 0.1265625
2 0.60703125 0.5789062500000001 0.0921875 0.1171875
35 0.86484375 0.56875 0.0921875 0.10625000000000001
23 0.10234375000000001 0.8773437500000001 0.1046875 0.1015625
