31 0.12421875 0.13125 0.16718750000000002 0.16875
19 0.3515625 0.1078125 0.12812500000000002 0.12187500000000001
1 0.59609375 0.1078125 0.1296875 0.11875000000000001
21 0.8992187500000001 0.146875 0.1703125 0.16875
31 0.13984375000000002 0.40468750000000003 0.1421875 0.1375
0 0.38906250000000003 0.3375 0.1125 0.115625
19 0.61484375 0.37890625 0.1421875 0.1390625
23 0.87265625 0.38828125 0.16718750000000002 0.16718750000000002
3 0.09375 0.61875 0.059375000000000004 0.08750000000000001
27 0.37343750000000003 0.6062500000000001 0.12187500000000001 0.125
26 0.6296875000000001 0.60703125 0.153125 0.1609375
7 0.85546875 0.5578125 0.060937500000000006 0.078125
1 0.125 0.8640625000000001 0.109375 0.12187500000000001
16 0.3640625 0.8828125 0.13125 0.13125
15 0.61640625 0.8828125 0.1171875 0.12187500000000001
22 0.878125 0.878125 0.140625 0.1375
