8 0.14140625 0.07890625000000001 0.1203125 0.1296875
10 0.34140625 0.11328125 0.1171875 0.1265625
20 0.6156250000000001 0.10625000000000001 0.12187500000000001 0.109375
2 0.8601562500000001 0.1 0.1046875 0.11875000000000001
19 0.10625000000000001 0.3875 0.17500000000000002 0.171875
28 0.37031250000000004 0.36875 0.134375 0.140625
28 0.6195312500000001 0.38125000000000003 0.15156250000000002 0.153125
1 0.8796875000000001 0.3453125 0.12812500000000002 0.1375
35 0.11875000000000001 0.6062500000000001 0.18125000000000002 0.18125000000000002
24 0.35234375 0.6015625 0.1171875 0.11875000000000001
22 0.62421875 0.5921875 0.1265625 0.10625000000000001
11 0.85546875 0.6195312500000001 0.1390625 0.1390625
12 0.1421875 0.8757812500000001 0.178125 0.1859375
2 0.35703125 0.84296875 0.1046875 0.1203125
13 0.62109375 0.8875000000000001 0.1796875 0.178125
29 0.878125 0.8562500000000001 0.1625 0.1625
