3 0.13671875 0.14140625 0.1546875 0.15156250000000002
35 0.3609375 0.1125 0.096875 0.109375
20 0.5867187500000001 0.08671875000000001 0.1203125 0.11406250000000001
13 0.8929687500000001 0.10078125 0.1484375 0.1453125
19 0.1125 0.37265625 0.12187500000000001 0.1234375
16 0.38593750000000004 0.384375 0.15625 0.15625
33 0.628125 0.35390625000000003 0.178125 0.17343750000000002
28 0.8703125 0.32265625000000003 0.096875 0.1046875
7 0.12890625 0.62109375 0.1234375 0.1421875
6 0.37109375 0.6273437500000001 0.0921875 0.1078125
4 0.6179687500000001 0.57265625 0.07968750000000001 0.09843750000000001
5 0.8796875000000001 0.57734375 0.10312500000000001 0.1046875
24 0.11484375000000001 0.86640625 0.1171875 0.1203125
9 0.35468750000000004 0.87890625 0.10312500000000001 0.1078125
30 0.6273437500000001 0.8703125 0.1296875 0.134375
