20 0.08984375 0.12421875 0.1265625 0.1171875
29 0.35078125000000004 0.1078125 0.07968750000000001 0.084375
34 0.60859375 0.11875000000000001 0.1484375 0.146875
29 0.8296875 0.11015625000000001 0.09375 0.09531250000000001
29 0.1015625 0.40546875000000004 0.16562500000000002 0.1703125
19 0.34609375000000003 0.384375 0.09531250000000001 0.12187500000000001
21 0.59921875 0.3453125 0.0765625 0.07500000000000001
24 0.8695312500000001 0.33125000000000004 0.11093750000000001 0.115625
14 0.125 0.59921875 0.184375 0.1859375
21 0.37031250000000004 0.5859375 0.109375 0.11875000000000001
2 0.58984375 0.61484375 0.0890625 0.1078125
33 0.8796875000000001 0.6171875 0.18125000000000002 0.178125
