17 0.10312500000000001 0.13203125000000002 0.08125 0.1078125
9 0.35546875 0.13593750000000002 0.11093750000000001 0.15000000000000002
18 0.62890625 0.0921875 0.11406250000000001 0.115625
15 0.8578125000000001 0.06953125 0.09375 0.0859375
17 0.10625000000000001 0.35000000000000003 0.16875 0.16875
18 0.328125 0.37812500000000004 0.03125 0.096875
18 0.61640625 0.40078125000000003 0.1296875 0.1421875
2 0.8515625 0.3875 0.10625000000000001 0.10312500000000001
25 0.10312500000000001 0.6046875 0.125 0.134375
35 0.35390625000000003 0.6257812500000001 0.0859375 0.13593750000000002
