8 0.1015625 0.10625000000000001 0.109375 0.1125
23 0.3640625 0.14921875 0.1625 0.1546875
18 0.59765625 0.16953125000000002 0.0546875 0.1296875
34 0.86640625 0.13125 0.1390625 0.153125
23 0.12890625 0.353125 0.1234375 0.12187500000000001
35 0.35000000000000003 0.34921875 0.10312500000000001 0.09843750000000001
27 0.58984375 0.35234375 0.09843750000000001 0.09531250000000001
10 0.8609375 0.3609375 0.16875 0.171875
33 0.1234375 0.6171875 0.125 0.12187500000000001
11 0.34921875 0.5867187500000001 0.1078125 0.1078125
35 0.63046875 0.63203125 0.1609375 0.1609375
12 0.8835937500000001 0.6015625 0.13593750000000002 0.1375
35 0.13203125000000002 0.821875 0.11093750000000001 0.1125
13 0.3796875 0.8914062500000001 0.115625 0.1234375
