18 0.08046875 0.1453125 0.051562500000000004 0.07500000000000001
34 0.38671875 0.1421875 0.1796875 0.18125000000000002
33 0.6156250000000001 0.1234375 0.15625 0.15937500000000002
24 0.88203125 0.11484375000000001 0.2015625 0.2015625
17 0.13593750000000002 0.3484375 0.13125 0.12812500000000002
7 0.371875 0.33437500000000003 0.11875000000000001 0.11875000000000001
28 0.6156250000000001 0.35546875 0.134375 0.1453125
21 0.87890625 0.39375000000000004 0.1453125 0.146875
27 0.10078125 0.65234375 0.18281250000000002 0.1765625
15 0.35468750000000004 0.61328125 0.1 0.11406250000000001
21 0.61484375 0.59921875 0.1078125 0.1203125
26 0.84296875 0.61328125 0.1203125 0.11093750000000001
29 0.1390625 0.86484375 0.140625 0.15156250000000002
21 0.34140625 0.875 0.0578125 0.1
2 0.61640625 0.8671875 0.1296875 0.15000000000000002
