33 0.11093750000000001 0.09296875 0.10312500000000001 0.1015625
29 0.36484375 0.09921875000000001 0.0890625 0.1078125
2 0.6125 0.13515625 0.08125 0.1203125
23 0.8578125000000001 0.13203125000000002 0.1125 0.1078125
16 0.1171875 0.34453125 0.13125 0.1421875
11 0.3359375 0.33671875 0.09062500000000001 0.0921875
33 0.61484375 0.35859375000000004 0.1234375 0.1203125
6 0.8421875000000001 0.35859375000000004 0.07187500000000001 0.0890625
13 0.11406250000000001 0.596875 0.115625 0.134375
3 0.36875 0.5984375000000001 0.134375 0.15937500000000002
35 0.6234375000000001 0.5984375000000001 0.153125 0.15625
16 0.8453125 0.5765625 0.05625 0.08750000000000001
15 0.13359375 0.815625 0.0859375 0.08750000000000001
