14 0.1046875 0.0921875 0.1125 0.134375
3 0.33671875 0.11953125 0.1265625 0.1234375
27 0.64453125 0.08203125 0.1265625 0.1265625
8 0.86484375 0.15156250000000002 0.1078125 0.12187500000000001
4 0.10625000000000001 0.35546875 0.11875000000000001 0.1203125
29 0.36796875 0.34375 0.16718750000000002 0.16875
3 0.6218750000000001 0.3796875 0.1375 0.14375000000000002
0 0.8617187500000001 0.35703125 0.13593750000000002 0.1546875
11 0.12734375 0.59765625 0.1203125 0.1203125
5 0.3921875 0.6046875 0.14375000000000002 0.140625
33 0.6101562500000001 0.60546875 0.1171875 0.1046875
31 0.8562500000000001 0.5796875 0.09062500000000001 0.08750000000000001
