17 0.1078125 0.11015625000000001 0.10312500000000001 0.1046875
15 0.35781250000000003 0.12265625000000001 0.153125 0.15156250000000002
1 0.61875 0.1203125 0.07500000000000001 0.125
17 0.875 0.10234375000000001 0.140625 0.1328125
25 0.10546875 0.34687500000000004 0.1015625 0.115625
6 0.36640625000000004 0.35234375 0.0921875 0.1234375
14 0.62265625 0.37421875000000004 0.16718750000000002 0.16718750000000002
25 0.8875000000000001 0.384375 0.15937500000000002 0.15937500000000002
18 0.1203125 0.5945312500000001 0.12812500000000002 0.1328125
14 0.36015625 0.6109375 0.1296875 0.134375
3 0.6078125000000001 0.6195312500000001 0.134375 0.13593750000000002
