13 0.11640625 0.09843750000000001 0.11093750000000001 0.1125
9 0.35468750000000004 0.1234375 0.140625 0.146875
29 0.62421875 0.11953125 0.1296875 0.13593750000000002
20 0.88203125 0.0890625 0.2109375 0.203125
21 0.12734375 0.3875 0.15156250000000002 0.15625
34 0.3609375 0.36250000000000004 0.13125 0.134375
11 0.63984375 0.35078125000000004 0.1421875 0.1421875
21 0.8734375000000001 0.3375 0.1125 0.12812500000000002
20 0.11015625000000001 0.62421875 0.1390625 0.1390625
5 0.35546875 0.6023437500000001 0.0921875 0.09843750000000001
35 0.6257812500000001 0.6429687500000001 0.1390625 0.1390625
26 0.8835937500000001 0.5859375 0.1203125 0.12812500000000002
