7 0.13046875 0.134375 0.1609375 0.16875
9 0.390625 0.09609375 0.1375 0.15156250000000002
4 0.5789062500000001 0.11328125 0.0859375 0.09531250000000001
1 0.8703125 0.1375 0.10312500000000001 0.146875
34 0.11093750000000001 0.38125000000000003 0.171875 0.17500000000000002
1 0.35546875 0.37109375 0.1234375 0.1296875
21 0.63203125 0.39140625 0.1484375 0.1421875
18 0.8421875000000001 0.33046875000000003 0.10312500000000001 0.1046875
28 0.1234375 0.6265625 0.15000000000000002 0.15000000000000002
16 0.33125000000000004 0.58828125 0.125 0.1234375
23 0.62421875 0.59765625 0.1609375 0.1453125
33 0.8515625 0.6234375000000001 0.1 0.096875
26 0.115625 0.86328125 0.115625 0.1453125
12 0.34375 0.8609375 0.12812500000000002 0.13125
