27 0.1703125 0.12578125 0.22187500000000002 0.22031250000000002
0 0.3484375 0.12578125 0.096875 0.1046875
12 0.6171875 0.10859375 0.15937500000000002 0.1640625
0 0.86875 0.09609375 0.109375 0.11406250000000001
10 0.09921875000000001 0.36640625000000004 0.1234375 0.1265625
31 0.3640625 0.3984375 0.15937500000000002 0.171875
17 0.6234375000000001 0.34609375000000003 0.10625000000000001 0.1078125
25 0.90234375 0.31328125 0.0921875 0.0890625
27 0.13593750000000002 0.6312500000000001 0.178125 0.178125
26 0.36171875000000003 0.62265625 0.1421875 0.1453125
0 0.60546875 0.63203125 0.1171875 0.1296875
