2 0.10078125 0.13593750000000002 0.0921875 0.1125
14 0.371875 0.146875 0.12812500000000002 0.12187500000000001
2 0.640625 0.14296875 0.178125 0.18281250000000002
17 0.85546875 0.1375 0.1546875 0.15625
27 0.09062500000000001 0.3609375 0.109375 0.109375
7 0.37890625 0.3484375 0.1390625 0.15000000000000002
17 0.6078125000000001 0.35703125 0.1 0.11406250000000001
8 0.89609375 0.3375 0.1421875 0.140625
22 0.12187500000000001 0.6218750000000001 0.140625 0.140625
30 0.4 0.6218750000000001 0.16562500000000002 0.171875
22 0.6203125 0.5796875 0.12187500000000001 0.10312500000000001
3 0.8382812500000001 0.58125 0.0671875 0.1
12 0.10625000000000001 0.8921875 0.15937500000000002 0.16562500000000002
22 0.35703125 0.8453125 0.09843750000000001 0.08125
9 0.6273437500000001 0.9015625 0.11406250000000001 0.146875
