34 0.12812500000000002 0.13515625 0.12187500000000001 0.1234375
18 0.33828125000000003 0.140625 0.0546875 0.115625
18 0.63671875 0.09921875000000001 0.1453125 0.1484375
25 0.8562500000000001 0.1421875 0.1625 0.15937500000000002
27 0.109375 0.41484375 0.17500000000000002 0.18281250000000002
16 0.35078125000000004 0.38046875 0.08281250000000001 0.0890625
10 0.63203125 0.36171875000000003 0.16718750000000002 0.16718750000000002
20 0.8617187500000001 0.37343750000000003 0.1296875 0.13125
19 0.115625 0.6171875 0.115625 0.134375
3 0.36171875000000003 0.6218750000000001 0.0921875 0.11875000000000001
