22 0.14140625 0.13203125000000002 0.1765625 0.1765625
33 0.38046875 0.06953125 0.11406250000000001 0.11093750000000001
20 0.609375 0.14609375 0.17500000000000002 0.17343750000000002
14 0.8875000000000001 0.09765625 0.140625 0.1421875
9 0.11875000000000001 0.384375 0.1125 0.13125
9 0.34609375000000003 0.36796875 0.1453125 0.1484375
7 0.59921875 0.36640625000000004 0.06406250000000001 0.1046875
27 0.8656250000000001 0.36796875 0.11875000000000001 0.11406250000000001
2 0.09765625 0.6179687500000001 0.1296875 0.1234375
11 0.35078125000000004 0.61328125 0.09843750000000001 0.1328125
