35 0.1078125 0.14296875 0.1125 0.1078125
17 0.35468750000000004 0.10703125000000001 0.10312500000000001 0.1046875
11 0.609375 0.125 0.08125 0.134375
23 0.878125 0.12812500000000002 0.146875 0.109375
33 0.08828125 0.32656250000000003 0.0921875 0.09062500000000001
35 0.3828125 0.41328125000000004 0.14375000000000002 0.15156250000000002
1 0.6046875 0.33125000000000004 0.053125000000000006 0.10312500000000001
1 0.84765625 0.37265625 0.08281250000000001 0.0921875
21 0.10703125000000001 0.5906250000000001 0.0890625 0.08750000000000001
17 0.3640625 0.6156250000000001 0.12187500000000001 0.125
