4 0.13359375 0.15703125 0.15156250000000002 0.15156250000000002
3 0.35234375 0.10546875 0.0859375 0.1234375
17 0.6062500000000001 0.09140625000000001 0.153125 0.15156250000000002
20 0.8671875 0.115625 0.13125 0.12812500000000002
34 0.1234375 0.3296875 0.1125 0.1125
3 0.35078125000000004 0.37734375000000003 0.1265625 0.1296875
4 0.6000000000000001 0.38359375 0.096875 0.1171875
8 0.846875 0.34921875 0.09375 0.1046875
18 0.10703125000000001 0.6023437500000001 0.1203125 0.1328125
3 0.3453125 0.603125 0.084375 0.10312500000000001
11 0.6078125000000001 0.5734375 0.078125 0.084375
11 0.8859375 0.5921875 0.12812500000000002 0.12812500000000002
7 0.078125 0.8382812500000001 0.065625 0.0859375
9 0.35781250000000003 0.85546875 0.134375 0.1484375
17 0.61640625 0.86875 0.1421875 0.140625
