33 0.10312500000000001 0.1421875 0.096875 0.096875
0 0.38203125000000004 0.08515625 0.1203125 0.1265625
9 0.63046875 0.11328125 0.1203125 0.1421875
5 0.8609375 0.13046875 0.11875000000000001 0.1265625
4 0.096875 0.35546875 0.1125 0.1234375
11 0.3875 0.36171875000000003 0.16875 0.1640625
3 0.5750000000000001 0.33203125 0.065625 0.0890625
7 0.86328125 0.38125000000000003 0.1265625 0.146875
30 0.12890625 0.61484375 0.1328125 0.1328125
15 0.35546875 0.61875 0.1484375 0.140625
23 0.6234375000000001 0.6156250000000001 0.14375000000000002 0.134375
33 0.8625 0.61640625 0.134375 0.13593750000000002
8 0.1 0.85078125 0.065625 0.0890625
31 0.35546875 0.8671875 0.13593750000000002 0.1375
34 0.62890625 0.86484375 0.1078125 0.11406250000000001
5 0.84375 0.86484375 0.059375000000000004 0.0859375
