33 0.0734375 0.10625000000000001 0.125 0.12812500000000002
32 0.34296875000000004 0.11171875 0.1015625 0.09843750000000001
13 0.6179687500000001 0.15000000000000002 0.11093750000000001 0.109375
9 0.8875000000000001 0.14765625000000002 0.16562500000000002 0.15781250000000002
20 0.11484375000000001 0.353125 0.1546875 0.153125
6 0.36015625 0.37812500000000004 0.1453125 0.146875
20 0.63671875 0.37890625 0.1703125 0.1703125
9 0.859375 0.35703125 0.10312500000000001 0.1265625
16 0.109375 0.640625 0.09062500000000001 0.096875
31 0.33828125000000003 0.6179687500000001 0.1078125 0.1078125
3 0.5984375000000001 0.6039062500000001 0.09375 0.11093750000000001
