8 0.1234375 0.13046875 0.096875 0.1203125
6 0.3640625 0.11796875000000001 0.13125 0.13593750000000002
27 0.63671875 0.11953125 0.1609375 0.1609375
4 0.86328125 0.09453125000000001 0.08281250000000001 0.1046875
28 0.08671875000000001 0.36250000000000004 0.1421875 0.1375
19 0.33906250000000004 0.36562500000000003 0.10625000000000001 0.12812500000000002
7 0.6109375 0.35625 0.1125 0.125
1 0.88203125 0.41171875 0.0890625 0.1421875
30 0.10859375 0.6062500000000001 0.1078125 0.10625000000000001
23 0.37031250000000004 0.6414062500000001 0.15625 0.16718750000000002
30 0.6273437500000001 0.6179687500000001 0.1390625 0.1609375
21 0.890625 0.63984375 0.16562500000000002 0.1703125
24 0.13515625 0.83515625 0.1203125 0.1203125
32 0.35546875 0.8390625 0.1796875 0.18125000000000002
24 0.609375 0.875 0.140625 0.15937500000000002
10 0.8562500000000001 0.87109375 0.12812500000000002 0.1203125
