3 0.11093750000000001 0.09843750000000001 0.09062500000000001 0.1
14 0.371875 0.10234375000000001 0.15625 0.1609375
27 0.61328125 0.109375 0.0890625 0.09375
10 0.8875000000000001 0.12578125 0.1875 0.1859375
20 0.115625 0.36796875 0.146875 0.1484375
4 0.384375 0.30703125000000003 0.084375 0.0890625
23 0.61875 0.37421875000000004 0.14375000000000002 0.1484375
5 0.8539062500000001 0.3671875 0.11093750000000001 0.1375
17 0.1296875 0.59296875 0.1875 0.1859375
14 0.36250000000000004 0.6687500000000001 0.153125 0.15937500000000002
4 0.60859375 0.6312500000000001 0.11406250000000001 0.13125
