14 0.08671875000000001 0.08828125 0.0859375 0.1078125
34 0.35625 0.12265625000000001 0.11875000000000001 0.1203125
7 0.59375 0.0734375 0.09062500000000001 0.10312500000000001
17 0.878125 0.1015625 0.12812500000000002 0.09375
27 0.1484375 0.38671875 0.17500000000000002 0.1765625
8 0.36875 0.3453125 0.12812500000000002 0.15000000000000002
21 0.60703125 0.37578125 0.1203125 0.1203125
4 0.8328125000000001 0.340625 0.078125 0.09062500000000001
13 0.12265625000000001 0.6515625 0.1328125 0.1375
10 0.36015625 0.625 0.1453125 0.146875
7 0.6351562500000001 0.60859375 0.13593750000000002 0.1390625
23 0.8851562500000001 0.5796875 0.1015625 0.096875
27 0.11171875 0.8546875 0.0921875 0.109375
6 0.36484375 0.87265625 0.0765625 0.11406250000000001
9 0.6140625000000001 0.88828125 0.1 0.1046875
