22 0.11484375000000001 0.07421875 0.0890625 0.0921875
35 0.36250000000000004 0.11406250000000001 0.109375 0.115625
32 0.6359375 0.11171875 0.15625 0.15156250000000002
33 0.8835937500000001 0.11093750000000001 0.1484375 0.15000000000000002
14 0.1125 0.36796875 0.140625 0.1421875
9 0.359375 0.35390625000000003 0.115625 0.13593750000000002
34 0.6468750000000001 0.3359375 0.12812500000000002 0.12812500000000002
2 0.8328125000000001 0.35078125000000004 0.08125 0.09843750000000001
14 0.09296875 0.628125 0.11093750000000001 0.109375
16 0.3375 0.6218750000000001 0.08125 0.096875
11 0.62109375 0.6125 0.1265625 0.13125
35 0.87109375 0.5703125 0.11406250000000001 0.115625
23 0.10078125 0.86328125 0.09531250000000001 0.0859375
