13 0.09375 0.1265625 0.10625000000000001 0.11875000000000001
16 0.36484375 0.0890625 0.09531250000000001 0.096875
3 0.5906250000000001 0.109375 0.06875 0.09062500000000001
6 0.86875 0.14296875 0.078125 0.1171875
16 0.07968750000000001 0.35234375 0.1 0.1015625
7 0.36250000000000004 0.39765625000000004 0.11875000000000001 0.1234375
14 0.6421875 0.3328125 0.11875000000000001 0.11875000000000001
33 0.8757812500000001 0.3953125 0.1453125 0.14375000000000002
26 0.1484375 0.59921875 0.15937500000000002 0.1609375
3 0.3875 0.5671875000000001 0.109375 0.109375
27 0.6531250000000001 0.6179687500000001 0.215625 0.2015625
16 0.82421875 0.58125 0.09843750000000001 0.1
18 0.11171875 0.8757812500000001 0.1015625 0.1203125
