10 0.096875 0.10859375 0.115625 0.11406250000000001
12 0.35781250000000003 0.12421875 0.08750000000000001 0.13593750000000002
32 0.6179687500000001 0.0921875 0.1234375 0.11875000000000001
6 0.87265625 0.07500000000000001 0.0890625 0.1
4 0.1125 0.3375 0.09062500000000001 0.1
6 0.38203125000000004 0.36484375 0.1609375 0.1609375
1 0.60703125 0.39140625 0.0859375 0.1171875
17 0.8226562500000001 0.3609375 0.09843750000000001 0.1
15 0.11953125 0.634375 0.09843750000000001 0.109375
23 0.36640625000000004 0.63203125 0.1203125 0.1078125
19 0.59609375 0.6101562500000001 0.0734375 0.1078125
30 0.8796875000000001 0.6046875 0.12812500000000002 0.13125
23 0.1328125 0.8773437500000001 0.16875 0.1703125
7 0.33828125000000003 0.853125 0.1078125 0.125
