29 0.08671875000000001 0.078125 0.11093750000000001 0.115625
33 0.3515625 0.125 0.134375 0.134375
7 0.6125 0.10546875 0.08750000000000001 0.11406250000000001
11 0.8835937500000001 0.08750000000000001 0.1421875 0.12812500000000002
13 0.09531250000000001 0.35000000000000003 0.07500000000000001 0.109375
0 0.33906250000000004 0.36875 0.08125 0.09062500000000001
1 0.634375 0.31953125000000004 0.08750000000000001 0.0890625
14 0.8515625 0.38046875 0.12812500000000002 0.1484375
18 0.0890625 0.6421875 0.06875 0.09375
10 0.384375 0.59375 0.15000000000000002 0.15000000000000002
31 0.59921875 0.6117187500000001 0.1453125 0.1484375
19 0.86640625 0.6312500000000001 0.1171875 0.146875
8 0.10703125000000001 0.8515625 0.09843750000000001 0.12187500000000001
