27 0.0765625 0.11640625 0.096875 0.09843750000000001
0 0.325 0.1015625 0.11875000000000001 0.125
20 0.5984375000000001 0.11796875000000001 0.13125 0.1203125
19 0.846875 0.12187500000000001 0.109375 0.109375
35 0.07968750000000001 0.35000000000000003 0.078125 0.1
23 0.33984375 0.35468750000000004 0.11093750000000001 0.109375
16 0.6203125 0.3671875 0.12187500000000001 0.134375
26 0.8578125000000001 0.39140625 0.1375 0.15781250000000002
22 0.1171875 0.6664062500000001 0.2 0.2109375
6 0.34609375000000003 0.625 0.1390625 0.134375
5 0.6179687500000001 0.58359375 0.0921875 0.1015625
13 0.88203125 0.62265625 0.16718750000000002 0.17343750000000002
17 0.12265625000000001 0.8921875 0.1609375 0.15937500000000002
27 0.36328125 0.8562500000000001 0.1421875 0.14375000000000002
12 0.6046875 0.8718750000000001 0.12187500000000001 0.125
