22 0.15000000000000002 0.10390625 0.153125 0.13593750000000002
23 0.36953125000000003 0.10703125000000001 0.16718750000000002 0.1640625
34 0.6195312500000001 0.0765625 0.09531250000000001 0.1
29 0.8640625000000001 0.10546875 0.09062500000000001 0.1078125
13 0.12734375 0.375 0.1484375 0.153125
16 0.40625 0.36250000000000004 0.17500000000000002 0.17500000000000002
25 0.6000000000000001 0.38984375000000004 0.153125 0.15156250000000002
1 0.8453125 0.35859375000000004 0.053125000000000006 0.1203125
27 0.11171875 0.6546875000000001 0.08281250000000001 0.13125
33 0.3515625 0.6328125 0.059375000000000004 0.096875
26 0.6265625 0.6468750000000001 0.171875 0.18125000000000002
18 0.83125 0.659375 0.025 0.12812500000000002
35 0.11875000000000001 0.8515625 0.12187500000000001 0.12187500000000001
