8 0.11406250000000001 0.08828125 0.115625 0.1296875
4 0.38203125000000004 0.0921875 0.1203125 0.13125
3 0.59375 0.065625 0.08125 0.09375
3 0.853125 0.13046875 0.140625 0.1453125
35 0.109375 0.34765625 0.06875 0.09531250000000001
1 0.36953125000000003 0.36640625000000004 0.11093750000000001 0.13593750000000002
0 0.6234375000000001 0.36015625 0.125 0.15781250000000002
21 0.8304687500000001 0.34375 0.09843750000000001 0.10312500000000001
6 0.09765625 0.61484375 0.0921875 0.1171875
11 0.38515625000000003 0.5906250000000001 0.1453125 0.13125
10 0.6039062500000001 0.6195312500000001 0.1453125 0.1390625
10 0.878125 0.5796875 0.12812500000000002 0.12812500000000002
6 0.10703125000000001 0.8734375000000001 0.0921875 0.12812500000000002
1 0.3765625 0.8406250000000001 0.09375 0.09375
26 0.609375 0.8578125000000001 0.1375 0.14375000000000002
