23 0.1375 0.1328125 0.184375 0.184375
35 0.37031250000000004 0.115625 0.15625 0.15937500000000002
29 0.6453125000000001 0.15078125 0.178125 0.18281250000000002
19 0.83125 0.0890625 0.125 0.12187500000000001
7 0.11875000000000001 0.34296875000000004 0.10312500000000001 0.11093750000000001
0 0.4 0.35390625000000003 0.14375000000000002 0.1390625
7 0.6234375000000001 0.37265625 0.096875 0.1171875
10 0.87890625 0.3953125 0.1296875 0.13125
7 0.08750000000000001 0.5789062500000001 0.08750000000000001 0.1078125
27 0.33906250000000004 0.6117187500000001 0.05625 0.0890625
25 0.6171875 0.59765625 0.11875000000000001 0.1265625
