22 0.15234375 0.10625000000000001 0.1546875 0.1625
0 0.38046875 0.14140625 0.1296875 0.1609375
1 0.61640625 0.15781250000000002 0.09843750000000001 0.146875
3 0.8562500000000001 0.14296875 0.10625000000000001 0.1078125
7 0.09921875000000001 0.36640625000000004 0.1328125 0.1390625
34 0.3765625 0.36250000000000004 0.1375 0.14375000000000002
14 0.6140625000000001 0.39296875000000003 0.15937500000000002 0.17343750000000002
1 0.85078125 0.31562500000000004 0.0671875 0.09375
6 0.09609375 0.6195312500000001 0.1390625 0.1296875
19 0.35781250000000003 0.60859375 0.109375 0.1265625
2 0.6078125000000001 0.63984375 0.07187500000000001 0.1078125
27 0.8757812500000001 0.6203125 0.11093750000000001 0.11875000000000001
28 0.11953125 0.8835937500000001 0.1265625 0.1265625
