34 0.12265625000000001 0.1046875 0.1265625 0.125
27 0.36953125000000003 0.13515625 0.11406250000000001 0.1296875
23 0.6140625000000001 0.134375 0.115625 0.1125
8 0.85078125 0.1171875 0.0921875 0.125
8 0.084375 0.36562500000000003 0.140625 0.134375
21 0.3453125 0.36015625 0.059375000000000004 0.11406250000000001
2 0.584375 0.37734375000000003 0.096875 0.1015625
7 0.8656250000000001 0.37578125 0.1 0.1296875
20 0.1375 0.58203125 0.140625 0.1203125
24 0.36796875 0.6046875 0.1171875 0.12812500000000002
2 0.59296875 0.6039062500000001 0.0671875 0.09843750000000001
