32 0.1171875 0.14140625 0.12187500000000001 0.1234375
21 0.35234375 0.12734375 0.09531250000000001 0.1078125
20 0.6195312500000001 0.1375 0.16718750000000002 0.16875
13 0.859375 0.14921875 0.146875 0.1453125
28 0.115625 0.34765625 0.12187500000000001 0.1171875
33 0.36171875000000003 0.3484375 0.1078125 0.10625000000000001
30 0.6023437500000001 0.38359375 0.1546875 0.1546875
35 0.8734375000000001 0.34765625 0.134375 0.15781250000000002
6 0.08750000000000001 0.6195312500000001 0.1375 0.1328125
22 0.38125000000000003 0.63984375 0.15937500000000002 0.1265625
11 0.6039062500000001 0.61640625 0.1171875 0.11406250000000001
35 0.853125 0.6062500000000001 0.15000000000000002 0.153125
34 0.09843750000000001 0.878125 0.07500000000000001 0.08125
21 0.33906250000000004 0.878125 0.053125000000000006 0.08750000000000001
11 0.61328125 0.83984375 0.09843750000000001 0.1046875
13 0.85703125 0.88984375 0.1421875 0.1484375
