17 0.12578125 0.10234375000000001 0.1296875 0.13593750000000002
11 0.35546875 0.10078125 0.09531250000000001 0.0921875
6 0.6273437500000001 0.08359375000000001 0.1203125 0.1203125
3 0.8367187500000001 0.1046875 0.1421875 0.140625
12 0.10859375 0.37343750000000003 0.0859375 0.1
7 0.38046875 0.33828125000000003 0.11093750000000001 0.1265625
8 0.59921875 0.39140625 0.1453125 0.1640625
7 0.8421875000000001 0.37421875000000004 0.09375 0.1046875
0 0.1015625 0.6062500000000001 0.096875 0.11875000000000001
6 0.32265625000000003 0.61484375 0.1046875 0.1046875
16 0.6273437500000001 0.6062500000000001 0.1296875 0.12812500000000002
