17 0.10312500000000001 0.11093750000000001 0.109375 0.11875000000000001
14 0.37031250000000004 0.12109375 0.12812500000000002 0.15156250000000002
13 0.59921875 0.0921875 0.11406250000000001 0.115625
13 0.85546875 0.12265625000000001 0.1390625 0.1390625
28 0.10390625 0.32734375000000004 0.0859375 0.1078125
8 0.35859375000000004 0.40078125000000003 0.11093750000000001 0.1171875
16 0.6218750000000001 0.35000000000000003 0.115625 0.115625
23 0.87890625 0.35859375000000004 0.1421875 0.1484375
1 0.10703125000000001 0.6140625000000001 0.0859375 0.12812500000000002
33 0.3640625 0.63828125 0.12187500000000001 0.1203125
31 0.63203125 0.64453125 0.1421875 0.13593750000000002
22 0.8929687500000001 0.6265625 0.1609375 0.140625
26 0.09843750000000001 0.8992187500000001 0.153125 0.16718750000000002
1 0.38671875 0.83984375 0.11406250000000001 0.11093750000000001
1 0.6000000000000001 0.89453125 0.059375000000000004 0.1296875
28 0.8546875 0.89375 0.07500000000000001 0.11875000000000001
