10 0.10625000000000001 0.1171875 0.1125 0.12187500000000001
29 0.3828125 0.153125 0.12812500000000002 0.1375
34 0.6312500000000001 0.13984375000000002 0.1625 0.1609375
0 0.8625 0.13359375 0.10625000000000001 0.1234375
0 0.12109375 0.35000000000000003 0.1046875 0.13125
10 0.3484375 0.3796875 0.084375 0.08125
34 0.60078125 0.36796875 0.11406250000000001 0.11406250000000001
19 0.8406250000000001 0.39609375 0.17500000000000002 0.17343750000000002
25 0.10234375000000001 0.63046875 0.15781250000000002 0.15781250000000002
10 0.35781250000000003 0.62265625 0.1 0.13593750000000002
