6 0.09531250000000001 0.1171875 0.12187500000000001 0.12187500000000001
0 0.371875 0.08750000000000001 0.10312500000000001 0.1
10 0.6078125000000001 0.12734375 0.09062500000000001 0.0890625
0 0.88984375 0.06171875 0.09843750000000001 0.1046875
7 0.08984375 0.34453125 0.060937500000000006 0.08281250000000001
33 0.353125 0.37343750000000003 0.1375 0.1375
1 0.61640625 0.31171875000000004 0.0765625 0.0890625
19 0.853125 0.33203125 0.08750000000000001 0.09531250000000001
24 0.1078125 0.6039062500000001 0.12187500000000001 0.1234375
1 0.34687500000000004 0.63671875 0.115625 0.13593750000000002
23 0.61328125 0.6039062500000001 0.1078125 0.11093750000000001
24 0.88671875 0.5875 0.1328125 0.134375
17 0.109375 0.83359375 0.109375 0.1234375
30 0.34921875 0.8695312500000001 0.0890625 0.0921875
27 0.60546875 0.8406250000000001 0.0921875 0.08750000000000001
26 0.8890625000000001 0.8695312500000001 0.2 0.20468750000000002
