35 0.11093750000000001 0.11171875 0.1625 0.1609375
14 0.36171875000000003 0.11015625000000001 0.1015625 0.1453125
17 0.62109375 0.13515625 0.1296875 0.1453125
1 0.8609375 0.13515625 0.1125 0.1453125
17 0.15937500000000002 0.38828125 0.19687500000000002 0.1953125
20 0.37734375000000003 0.38203125000000004 0.1765625 0.1765625
33 0.640625 0.3921875 0.1625 0.15937500000000002
21 0.8679687500000001 0.34453125 0.1171875 0.11093750000000001
20 0.1015625 0.6039062500000001 0.084375 0.0734375
17 0.37812500000000004 0.5953125 0.134375 0.13125
0 0.596875 0.6125 0.125 0.11875000000000001
10 0.8773437500000001 0.58984375 0.1328125 0.1296875
