9 0.11640625 0.11484375000000001 0.09531250000000001 0.1265625
17 0.359375 0.11875000000000001 0.1 0.1125
5 0.625 0.15703125 0.140625 0.1484375
8 0.84375 0.10546875 0.084375 0.1046875
5 0.1421875 0.3953125 0.15937500000000002 0.15937500000000002
4 0.38515625000000003 0.3296875 0.1171875 0.1125
18 0.6335937500000001 0.31953125000000004 0.1046875 0.1046875
22 0.8875000000000001 0.36640625000000004 0.15937500000000002 0.1234375
16 0.125 0.63671875 0.134375 0.1328125
18 0.33671875 0.6062500000000001 0.0578125 0.10625000000000001
31 0.6078125000000001 0.5945312500000001 0.109375 0.1078125
21 0.8390625 0.57265625 0.07187500000000001 0.09843750000000001
6 0.11171875 0.8765625 0.1046875 0.15000000000000002
34 0.38515625000000003 0.8921875 0.1421875 0.15000000000000002
33 0.6421875 0.83515625 0.1375 0.13593750000000002
33 0.84765625 0.91328125 0.1234375 0.1484375
