33 0.10625000000000001 0.1390625 0.1 0.1
20 0.35703125 0.13359375 0.1078125 0.1265625
34 0.6296875000000001 0.08125 0.109375 0.109375
21 0.8453125 0.109375 0.096875 0.1125
7 0.115625 0.35078125000000004 0.1125 0.1453125
26 0.36640625000000004 0.33671875 0.09843750000000001 0.1046875
4 0.6062500000000001 0.36171875000000003 0.07187500000000001 0.09843750000000001
1 0.83515625 0.34921875 0.0859375 0.1234375
2 0.1171875 0.6453125000000001 0.11875000000000001 0.13125
23 0.359375 0.60703125 0.1125 0.1078125
26 0.61484375 0.6078125000000001 0.1703125 0.171875
26 0.86484375 0.5828125000000001 0.1015625 0.11875000000000001
6 0.11640625 0.85546875 0.1421875 0.1390625
22 0.35625 0.87265625 0.11875000000000001 0.1203125
31 0.6156250000000001 0.86328125 0.171875 0.1765625
8 0.8523437500000001 0.87265625 0.1421875 0.1484375
