17 0.11484375000000001 0.12265625000000001 0.1015625 0.11093750000000001
18 0.328125 0.1296875 0.021875000000000002 0.10312500000000001
4 0.571875 0.11015625000000001 0.1 0.09843750000000001
27 0.884375 0.1296875 0.178125 0.178125
28 0.10546875 0.359375 0.1015625 0.115625
2 0.38203125000000004 0.40156250000000004 0.1453125 0.146875
3 0.6257812500000001 0.36875 0.1484375 0.14375000000000002
0 0.8226562500000001 0.34609375000000003 0.0859375 0.0921875
23 0.09843750000000001 0.5750000000000001 0.05625 0.08750000000000001
10 0.35703125 0.6203125 0.1265625 0.11875000000000001
6 0.5828125000000001 0.6078125000000001 0.1 0.1125
15 0.8640625000000001 0.625 0.140625 0.140625
26 0.1265625 0.87109375 0.171875 0.17343750000000002
6 0.35781250000000003 0.8835937500000001 0.1 0.1390625
17 0.65 0.9109375000000001 0.146875 0.146875
