32 0.16640625 0.1390625 0.1859375 0.16562500000000002
7 0.37812500000000004 0.11484375000000001 0.146875 0.1546875
2 0.5984375000000001 0.11171875 0.109375 0.13593750000000002
13 0.8734375000000001 0.1328125 0.17500000000000002 0.17500000000000002
7 0.12812500000000002 0.328125 0.11875000000000001 0.125
2 0.3484375 0.371875 0.1 0.1125
14 0.60859375 0.38984375000000004 0.1546875 0.1546875
2 0.8578125000000001 0.39453125 0.109375 0.11406250000000001
31 0.1328125 0.6062500000000001 0.140625 0.140625
33 0.37343750000000003 0.6046875 0.13125 0.13125
31 0.634375 0.6203125 0.16562500000000002 0.16562500000000002
6 0.85546875 0.63203125 0.1078125 0.11406250000000001
7 0.10312500000000001 0.88203125 0.06875 0.1046875
28 0.371875 0.8617187500000001 0.12812500000000002 0.1265625
