21 0.13203125000000002 0.08515625 0.1265625 0.1390625
16 0.36953125000000003 0.10078125 0.1453125 0.1484375
11 0.63046875 0.07421875 0.11093750000000001 0.11093750000000001
35 0.8601562500000001 0.11640625 0.0765625 0.1015625
17 0.10546875 0.35859375000000004 0.1546875 0.15156250000000002
19 0.3328125 0.37031250000000004 0.09062500000000001 0.10312500000000001
33 0.6234375000000001 0.38359375 0.15937500000000002 0.1546875
7 0.85703125 0.3765625 0.1171875 0.1375
35 0.11328125 0.6156250000000001 0.11406250000000001 0.12187500000000001
8 0.3609375 0.58203125 0.09375 0.1046875
17 0.6531250000000001 0.63828125 0.171875 0.16718750000000002
31 0.8765625 0.59609375 0.14375000000000002 0.1453125
22 0.10703125000000001 0.87109375 0.09843750000000001 0.0765625
4 0.34296875000000004 0.86484375 0.0765625 0.09843750000000001
17 0.6171875 0.8679687500000001 0.15937500000000002 0.1546875
