27 0.12109375 0.09609375 0.1015625 0.1046875
35 0.36640625000000004 0.11640625 0.1640625 0.1640625
16 0.6171875 0.09531250000000001 0.11875000000000001 0.12187500000000001
0 0.8679687500000001 0.1125 0.1546875 0.153125
17 0.14296875 0.34218750000000003 0.1484375 0.153125
7 0.38203125000000004 0.384375 0.13593750000000002 0.1375
16 0.5796875 0.3484375 0.125 0.125
26 0.8539062500000001 0.353125 0.1234375 0.1375
19 0.09765625 0.6195312500000001 0.15156250000000002 0.1453125
33 0.36562500000000003 0.63203125 0.1125 0.1265625
16 0.6273437500000001 0.61484375 0.1796875 0.1859375
21 0.86328125 0.6125 0.1796875 0.178125
29 0.09453125000000001 0.85703125 0.13593750000000002 0.13593750000000002
15 0.3640625 0.8679687500000001 0.14375000000000002 0.1453125
