12 0.1203125 0.15078125 0.11875000000000001 0.11093750000000001
10 0.384375 0.146875 0.16562500000000002 0.16875
8 0.6015625 0.14375000000000002 0.078125 0.11875000000000001
19 0.8359375 0.1203125 0.05625 0.10312500000000001
31 0.109375 0.359375 0.15625 0.15000000000000002
31 0.384375 0.31875000000000003 0.1125 0.115625
11 0.6296875000000001 0.36484375 0.15625 0.15156250000000002
5 0.8617187500000001 0.35234375 0.0890625 0.1078125
24 0.10312500000000001 0.6195312500000001 0.12812500000000002 0.1296875
35 0.36484375 0.6492187500000001 0.1328125 0.1390625
24 0.628125 0.6023437500000001 0.1375 0.1390625
35 0.86640625 0.6195312500000001 0.15781250000000002 0.15781250000000002
23 0.11015625000000001 0.86640625 0.0921875 0.1296875
