27 0.1078125 0.11796875000000001 0.12187500000000001 0.1203125
18 0.375 0.16328125000000002 0.115625 0.1390625
7 0.6062500000000001 0.08671875000000001 0.07500000000000001 0.1078125
8 0.846875 0.13828125 0.08750000000000001 0.1078125
10 0.09296875 0.34765625 0.1421875 0.1453125
6 0.3609375 0.30546875 0.065625 0.07968750000000001
19 0.6257812500000001 0.3484375 0.1203125 0.12187500000000001
20 0.84140625 0.37109375 0.09843750000000001 0.11093750000000001
0 0.109375 0.61328125 0.15000000000000002 0.1546875
31 0.340625 0.5859375 0.09375 0.08750000000000001
24 0.6125 0.61640625 0.16562500000000002 0.1640625
