9 0.10312500000000001 0.11875000000000001 0.08125 0.11875000000000001
26 0.37890625 0.10312500000000001 0.18281250000000002 0.184375
10 0.60859375 0.12734375 0.13593750000000002 0.13593750000000002
11 0.8835937500000001 0.10234375000000001 0.13593750000000002 0.1171875
29 0.096875 0.34140625 0.10312500000000001 0.1078125
11 0.35546875 0.36562500000000003 0.1453125 0.146875
9 0.6328125 0.32734375000000004 0.12812500000000002 0.1328125
9 0.83984375 0.38984375000000004 0.09531250000000001 0.0921875
25 0.1296875 0.640625 0.153125 0.153125
8 0.359375 0.6296875000000001 0.10625000000000001 0.125
