6 0.10390625 0.10078125 0.1078125 0.1078125
17 0.36875 0.08125 0.109375 0.10312500000000001
2 0.59375 0.12265625000000001 0.09375 0.11093750000000001
27 0.85859375 0.12578125 0.0859375 0.1015625
4 0.1234375 0.3671875 0.1375 0.15937500000000002
13 0.38046875 0.37812500000000004 0.17343750000000002 0.171875
24 0.62109375 0.35546875 0.1640625 0.1640625
23 0.87421875 0.39609375 0.1015625 0.1265625
17 0.12812500000000002 0.5921875 0.115625 0.134375
1 0.35546875 0.60078125 0.1203125 0.1328125
2 0.60703125 0.6296875000000001 0.1328125 0.14375000000000002
30 0.8695312500000001 0.64765625 0.15156250000000002 0.1546875
35 0.13984375000000002 0.8375 0.11093750000000001 0.109375
5 0.3609375 0.8546875 0.1 0.115625
11 0.625 0.8484375000000001 0.125 0.12812500000000002
