35 0.08671875000000001 0.084375 0.1078125 0.1125
35 0.36015625 0.13203125000000002 0.0890625 0.0921875
17 0.603125 0.07500000000000001 0.125 0.12187500000000001
8 0.8578125000000001 0.134375 0.08750000000000001 0.10625000000000001
27 0.10546875 0.328125 0.0703125 0.10312500000000001
1 0.35703125 0.32109375 0.06406250000000001 0.1078125
2 0.6117187500000001 0.35468750000000004 0.1203125 0.125
31 0.8890625000000001 0.34687500000000004 0.134375 0.146875
25 0.10078125 0.6257812500000001 0.08281250000000001 0.07968750000000001
35 0.34921875 0.5875 0.09531250000000001 0.1
16 0.60703125 0.6390625000000001 0.09531250000000001 0.153125
33 0.8625 0.56796875 0.09375 0.1015625
15 0.12109375 0.88203125 0.15156250000000002 0.15156250000000002
