18 0.08125 0.11796875000000001 0.065625 0.1171875
0 0.3609375 0.08750000000000001 0.10625000000000001 0.13125
6 0.6359375 0.1203125 0.109375 0.13125
20 0.8921875 0.10546875 0.17500000000000002 0.17343750000000002
11 0.1453125 0.33046875000000003 0.125 0.1234375
9 0.35703125 0.34375 0.0671875 0.084375
9 0.609375 0.3828125 0.15000000000000002 0.153125
11 0.8875000000000001 0.31796875 0.1 0.1015625
14 0.11953125 0.609375 0.13593750000000002 0.134375
23 0.3609375 0.6234375000000001 0.125 0.14375000000000002
