27 0.11484375000000001 0.15625 0.17343750000000002 0.18125000000000002
34 0.35859375000000004 0.09296875 0.09531250000000001 0.0921875
35 0.62109375 0.1015625 0.1390625 0.140625
8 0.8640625000000001 0.1390625 0.125 0.15937500000000002
33 0.1484375 0.37890625 0.20625000000000002 0.20468750000000002
10 0.38828125 0.38125000000000003 0.1765625 0.17500000000000002
18 0.5859375 0.36875 0.046875 0.13125
15 0.83203125 0.340625 0.1234375 0.125
17 0.10078125 0.6265625 0.1296875 0.12812500000000002
4 0.3515625 0.6179687500000001 0.07500000000000001 0.0921875
17 0.6492187500000001 0.56796875 0.11093750000000001 0.11093750000000001
23 0.8835937500000001 0.5867187500000001 0.1171875 0.1171875
2 0.11640625 0.8226562500000001 0.09531250000000001 0.1078125
7 0.35078125000000004 0.86640625 0.11406250000000001 0.1234375
32 0.5875 0.84921875 0.10625000000000001 0.1015625
