20 0.14375000000000002 0.1265625 0.16875 0.16875
23 0.36640625000000004 0.11328125 0.1171875 0.11406250000000001
27 0.6109375 0.09921875000000001 0.12187500000000001 0.13593750000000002
3 0.8812500000000001 0.11328125 0.134375 0.15156250000000002
35 0.11328125 0.40468750000000003 0.1078125 0.11875000000000001
20 0.38593750000000004 0.34609375000000003 0.1375 0.13593750000000002
10 0.6273437500000001 0.38984375000000004 0.15156250000000002 0.1421875
0 0.875 0.3359375 0.1 0.09062500000000001
35 0.08750000000000001 0.6203125 0.08750000000000001 0.09062500000000001
23 0.32734375000000004 0.5953125 0.11406250000000001 0.1125
31 0.6078125000000001 0.61328125 0.134375 0.1328125
7 0.8757812500000001 0.59765625 0.1078125 0.1296875
13 0.13203125000000002 0.85546875 0.1421875 0.1421875
2 0.33906250000000004 0.8617187500000001 0.08750000000000001 0.1078125
1 0.61328125 0.8484375000000001 0.11093750000000001 0.12187500000000001
