4 0.07421875 0.10078125 0.0890625 0.0921875
0 0.34218750000000003 0.12812500000000002 0.09375 0.1125
0 0.61875 0.08750000000000001 0.109375 0.125
9 0.83984375 0.1125 0.0921875 0.10625000000000001
17 0.10390625 0.375 0.11093750000000001 0.125
21 0.3640625 0.3359375 0.1 0.1
33 0.6234375000000001 0.3328125 0.1125 0.1125
35 0.85859375 0.35000000000000003 0.1078125 0.11875000000000001
26 0.1265625 0.603125 0.14375000000000002 0.14375000000000002
30 0.37421875000000004 0.6101562500000001 0.1703125 0.1640625
26 0.61640625 0.62265625 0.1609375 0.15781250000000002
4 0.8617187500000001 0.60703125 0.0921875 0.11406250000000001
