2 0.1046875 0.09296875 0.09062500000000001 0.1015625
25 0.35859375000000004 0.12187500000000001 0.1078125 0.115625
29 0.6234375000000001 0.1328125 0.1625 0.16562500000000002
23 0.8812500000000001 0.14921875 0.125 0.1171875
13 0.10390625 0.34687500000000004 0.1015625 0.115625
12 0.37890625 0.3171875 0.1078125 0.115625
10 0.5921875 0.38046875 0.10312500000000001 0.1046875
14 0.90546875 0.32890625 0.1296875 0.1296875
34 0.14453125 0.6453125000000001 0.17343750000000002 0.17500000000000002
6 0.35781250000000003 0.6101562500000001 0.078125 0.1046875
