22 0.12421875 0.12421875 0.1453125 0.1203125
6 0.36640625000000004 0.11484375000000001 0.1171875 0.1078125
10 0.5875 0.125 0.08750000000000001 0.096875
20 0.8523437500000001 0.15000000000000002 0.1703125 0.16875
18 0.08750000000000001 0.37421875000000004 0.05 0.09531250000000001
27 0.3671875 0.36328125 0.16562500000000002 0.1640625
18 0.57734375 0.3484375 0.0328125 0.1
2 0.86640625 0.37578125 0.1046875 0.1234375
5 0.0859375 0.61875 0.134375 0.13125
18 0.33515625000000004 0.63984375 0.0484375 0.1328125
13 0.6078125000000001 0.5984375000000001 0.12812500000000002 0.125
19 0.8562500000000001 0.65546875 0.115625 0.11093750000000001
30 0.14453125 0.8625 0.16718750000000002 0.17500000000000002
