32 0.1546875 0.12578125 0.21875 0.20468750000000002
35 0.35078125000000004 0.07187500000000001 0.0734375 0.09375
8 0.5945312500000001 0.11796875000000001 0.09531250000000001 0.1171875
7 0.87421875 0.08359375000000001 0.1265625 0.1421875
31 0.1265625 0.35546875 0.14375000000000002 0.1484375
0 0.3453125 0.34765625 0.109375 0.1265625
35 0.60546875 0.39609375 0.18281250000000002 0.18281250000000002
11 0.86484375 0.38125000000000003 0.1421875 0.14375000000000002
8 0.09843750000000001 0.6257812500000001 0.096875 0.1078125
0 0.37109375 0.59765625 0.1265625 0.1203125
30 0.62109375 0.63828125 0.16718750000000002 0.1796875
27 0.8609375 0.6179687500000001 0.15937500000000002 0.1609375
