10 0.12265625000000001 0.084375 0.1171875 0.11875000000000001
14 0.3875 0.15390625000000002 0.14375000000000002 0.16718750000000002
34 0.6429687500000001 0.09843750000000001 0.1265625 0.13125
2 0.81953125 0.09453125000000001 0.09531250000000001 0.1046875
21 0.08984375 0.33046875000000003 0.0921875 0.09531250000000001
5 0.34609375000000003 0.36015625 0.09843750000000001 0.1234375
3 0.58359375 0.35781250000000003 0.1265625 0.13125
23 0.8679687500000001 0.390625 0.1328125 0.134375
24 0.12265625000000001 0.61875 0.1328125 0.1375
17 0.36562500000000003 0.6156250000000001 0.140625 0.134375
23 0.63046875 0.62890625 0.1453125 0.09843750000000001
8 0.8640625000000001 0.5921875 0.115625 0.125
17 0.12421875 0.8640625000000001 0.1796875 0.18125000000000002
35 0.3953125 0.82578125 0.11875000000000001 0.11406250000000001
