32 0.13125 0.12265625000000001 0.1625 0.1421875
26 0.33984375 0.11484375000000001 0.11406250000000001 0.1203125
23 0.65234375 0.10234375000000001 0.1765625 0.1765625
3 0.8562500000000001 0.11093750000000001 0.11875000000000001 0.115625
9 0.0921875 0.35625 0.115625 0.1375
10 0.36640625000000004 0.3828125 0.1296875 0.12812500000000002
16 0.625 0.38593750000000004 0.134375 0.134375
11 0.8679687500000001 0.35781250000000003 0.1484375 0.1375
20 0.0921875 0.5906250000000001 0.1125 0.10625000000000001
25 0.3640625 0.596875 0.1625 0.16562500000000002
