25 0.1234375 0.134375 0.13125 0.134375
12 0.32656250000000003 0.10234375000000001 0.1375 0.13593750000000002
17 0.6015625 0.07187500000000001 0.07500000000000001 0.09375
22 0.88984375 0.08125 0.1328125 0.134375
7 0.1046875 0.37421875000000004 0.134375 0.1328125
4 0.38125000000000003 0.3984375 0.16562500000000002 0.16875
34 0.61484375 0.40390625 0.1703125 0.17343750000000002
5 0.8734375000000001 0.3921875 0.15625 0.15000000000000002
17 0.12109375 0.6195312500000001 0.1421875 0.15781250000000002
24 0.37421875000000004 0.61640625 0.1171875 0.1265625
16 0.58984375 0.59921875 0.1328125 0.1328125
