8 0.12421875 0.11406250000000001 0.1421875 0.15937500000000002
2 0.35390625000000003 0.0734375 0.06406250000000001 0.08750000000000001
14 0.6125 0.125 0.12812500000000002 0.12812500000000002
13 0.8562500000000001 0.0890625 0.078125 0.109375
13 0.10625000000000001 0.37890625 0.12812500000000002 0.1265625
35 0.36171875000000003 0.375 0.1046875 0.10625000000000001
2 0.5953125 0.353125 0.078125 0.08750000000000001
28 0.8828125 0.39296875000000003 0.140625 0.1390625
26 0.125 0.6062500000000001 0.19687500000000002 0.2
7 0.35234375 0.6335937500000001 0.1484375 0.15781250000000002
30 0.6179687500000001 0.59765625 0.13593750000000002 0.1421875
13 0.8695312500000001 0.628125 0.1453125 0.146875
13 0.11015625000000001 0.87890625 0.1421875 0.1421875
13 0.353125 0.875 0.12812500000000002 0.13125
33 0.6117187500000001 0.875 0.1390625 0.146875
27 0.8703125 0.8984375 0.12187500000000001 0.11875000000000001
