15 0.08359375000000001 0.09609375 0.11093750000000001 0.11406250000000001
34 0.36796875 0.14296875 0.1234375 0.1265625
9 0.5859375 0.109375 0.096875 0.1125
25 0.8500000000000001 0.10703125000000001 0.15937500000000002 0.1546875
6 0.1125 0.36250000000000004 0.12187500000000001 0.146875
23 0.3765625 0.35078125000000004 0.12187500000000001 0.1203125
27 0.63828125 0.41015625 0.15156250000000002 0.1546875
13 0.8367187500000001 0.34921875 0.11406250000000001 0.1171875
0 0.1078125 0.63046875 0.109375 0.1328125
11 0.36953125000000003 0.634375 0.13593750000000002 0.134375
5 0.60703125 0.6515625 0.1046875 0.10312500000000001
