17 0.14296875 0.09609375 0.1453125 0.1453125
31 0.35703125 0.10703125000000001 0.1609375 0.15781250000000002
20 0.6101562500000001 0.11640625 0.1328125 0.1328125
8 0.8765625 0.0859375 0.115625 0.1375
20 0.06406250000000001 0.3515625 0.1 0.1
23 0.37265625 0.3203125 0.1328125 0.084375
33 0.63203125 0.33203125 0.13593750000000002 0.1421875
30 0.87890625 0.375 0.1421875 0.14375000000000002
8 0.09843750000000001 0.64453125 0.096875 0.09843750000000001
21 0.36562500000000003 0.59921875 0.19375 0.1953125
11 0.6000000000000001 0.6156250000000001 0.0625 0.109375
4 0.859375 0.6359375 0.12187500000000001 0.12187500000000001
9 0.13203125000000002 0.83984375 0.1328125 0.1390625
16 0.34687500000000004 0.8375 0.08750000000000001 0.08750000000000001
31 0.62109375 0.8921875 0.1453125 0.14375000000000002
