12 0.10859375 0.1484375 0.1046875 0.12187500000000001
18 0.36015625 0.07734375 0.0734375 0.09531250000000001
16 0.6125 0.13828125 0.134375 0.16718750000000002
11 0.875 0.15390625000000002 0.13125 0.1421875
18 0.1 0.37265625 0.07187500000000001 0.1078125
34 0.34687500000000004 0.35859375000000004 0.125 0.1265625
1 0.6195312500000001 0.32656250000000003 0.0859375 0.10625000000000001
8 0.8718750000000001 0.34453125 0.125 0.1234375
34 0.09843750000000001 0.6125 0.14375000000000002 0.14375000000000002
4 0.36250000000000004 0.6421875 0.1125 0.115625
1 0.628125 0.57265625 0.07500000000000001 0.09843750000000001
