6 0.0921875 0.10859375 0.1375 0.1328125
25 0.35625 0.07968750000000001 0.08125 0.10625000000000001
20 0.62109375 0.1453125 0.1265625 0.1125
16 0.8289062500000001 0.09140625000000001 0.1015625 0.1015625
18 0.11328125 0.39375000000000004 0.0921875 0.10625000000000001
10 0.3453125 0.371875 0.12187500000000001 0.12187500000000001
18 0.60078125 0.3796875 0.09843750000000001 0.14375000000000002
28 0.846875 0.375 0.059375000000000004 0.07500000000000001
18 0.1203125 0.63203125 0.13125 0.13593750000000002
12 0.375 0.6156250000000001 0.16562500000000002 0.16562500000000002
1 0.609375 0.6140625000000001 0.10625000000000001 0.125
5 0.8679687500000001 0.56640625 0.08281250000000001 0.0921875
9 0.1125 0.84375 0.10312500000000001 0.109375
6 0.37109375 0.9 0.1203125 0.115625
26 0.6101562500000001 0.88984375 0.09531250000000001 0.15781250000000002
