32 0.11640625 0.1421875 0.11406250000000001 0.1125
17 0.34921875 0.125 0.1265625 0.125
30 0.6156250000000001 0.11093750000000001 0.11875000000000001 0.125
7 0.87109375 0.1484375 0.09843750000000001 0.12812500000000002
29 0.109375 0.35234375 0.12187500000000001 0.1234375
27 0.36171875000000003 0.38906250000000003 0.1171875 0.11875000000000001
33 0.6125 0.35468750000000004 0.10625000000000001 0.10312500000000001
25 0.8625 0.37343750000000003 0.140625 0.140625
19 0.10859375 0.6351562500000001 0.11406250000000001 0.1484375
3 0.328125 0.6218750000000001 0.109375 0.10625000000000001
