6 0.1296875 0.12734375 0.125 0.1203125
15 0.3375 0.1296875 0.08125 0.09375
16 0.5953125 0.1234375 0.09062500000000001 0.09375
2 0.8671875 0.09531250000000001 0.11875000000000001 0.1125
19 0.11406250000000001 0.34453125 0.09062500000000001 0.09531250000000001
7 0.38046875 0.359375 0.1015625 0.115625
1 0.6296875000000001 0.31796875 0.10625000000000001 0.1078125
7 0.87265625 0.35703125 0.15156250000000002 0.1640625
17 0.10546875 0.5953125 0.0921875 0.09062500000000001
34 0.34296875000000004 0.5867187500000001 0.1265625 0.1328125
