7 0.1328125 0.11484375000000001 0.14375000000000002 0.1484375
20 0.39375000000000004 0.1046875 0.20625000000000002 0.203125
13 0.6062500000000001 0.115625 0.12812500000000002 0.13125
21 0.8515625 0.10078125 0.065625 0.0890625
31 0.115625 0.328125 0.1 0.096875
25 0.375 0.36562500000000003 0.12812500000000002 0.134375
18 0.59296875 0.40625 0.0734375 0.06875
5 0.87109375 0.33906250000000004 0.11093750000000001 0.115625
26 0.15390625000000002 0.6648437500000001 0.1640625 0.1609375
15 0.38593750000000004 0.63828125 0.12812500000000002 0.1421875
4 0.6328125 0.6578125 0.134375 0.146875
32 0.9171875 0.65390625 0.1625 0.1296875
28 0.09843750000000001 0.8929687500000001 0.1 0.0921875
15 0.37343750000000003 0.85546875 0.125 0.1265625
5 0.609375 0.8578125000000001 0.171875 0.171875
1 0.8617187500000001 0.86484375 0.11406250000000001 0.1203125
