4 0.1234375 0.09921875000000001 0.12187500000000001 0.1203125
6 0.35781250000000003 0.10234375000000001 0.07187500000000001 0.09843750000000001
35 0.59296875 0.078125 0.060937500000000006 0.09375
23 0.8460937500000001 0.12187500000000001 0.0921875 0.10625000000000001
13 0.09765625 0.371875 0.0859375 0.09062500000000001
5 0.36328125 0.39765625000000004 0.1203125 0.11406250000000001
21 0.6296875000000001 0.34687500000000004 0.12812500000000002 0.12812500000000002
14 0.86875 0.39921875 0.12187500000000001 0.1234375
33 0.10546875 0.62890625 0.11093750000000001 0.1203125
21 0.3828125 0.59921875 0.15625 0.1421875
10 0.62421875 0.6484375 0.1234375 0.11875000000000001
3 0.84765625 0.603125 0.0859375 0.10312500000000001
27 0.11484375000000001 0.8562500000000001 0.11406250000000001 0.1125
8 0.32343750000000004 0.8421875000000001 0.084375 0.09375
9 0.62421875 0.8203125 0.1046875 0.115625
