19 0.08203125 0.07421875 0.0703125 0.1046875
4 0.35781250000000003 0.13828125 0.08750000000000001 0.1046875
17 0.6429687500000001 0.07968750000000001 0.1234375 0.125
18 0.8265625000000001 0.1296875 0.034375 0.08750000000000001
2 0.11484375000000001 0.38984375000000004 0.11093750000000001 0.1265625
10 0.34453125 0.36875 0.1171875 0.115625
2 0.6421875 0.33125000000000004 0.134375 0.12812500000000002
21 0.84375 0.35468750000000004 0.109375 0.1125
35 0.10546875 0.6421875 0.1703125 0.178125
27 0.34375 0.60703125 0.09375 0.0921875
16 0.625 0.58828125 0.10625000000000001 0.11093750000000001
35 0.8757812500000001 0.59765625 0.15781250000000002 0.1609375
13 0.10703125000000001 0.87890625 0.1171875 0.11406250000000001
31 0.36562500000000003 0.8539062500000001 0.084375 0.09531250000000001
11 0.6078125000000001 0.875 0.11875000000000001 0.146875
