10 0.12109375 0.11015625000000001 0.1453125 0.1453125
14 0.38593750000000004 0.1546875 0.14375000000000002 0.15000000000000002
14 0.609375 0.08203125 0.09062500000000001 0.1046875
12 0.8617187500000001 0.14453125 0.1640625 0.16718750000000002
9 0.0890625 0.37031250000000004 0.08125 0.10625000000000001
8 0.36796875 0.3796875 0.1015625 0.11875000000000001
34 0.6265625 0.36640625000000004 0.1625 0.1609375
31 0.87109375 0.3828125 0.1421875 0.14375000000000002
33 0.10859375 0.62421875 0.1046875 0.11406250000000001
27 0.38515625000000003 0.5890625 0.1296875 0.13125
