14 0.15625 0.065625 0.09375 0.09062500000000001
12 0.34609375000000003 0.125 0.11093750000000001 0.1125
13 0.59609375 0.0734375 0.1015625 0.1
10 0.8562500000000001 0.1234375 0.146875 0.146875
0 0.1046875 0.36171875000000003 0.10312500000000001 0.1296875
1 0.34765625 0.36562500000000003 0.1234375 0.12187500000000001
21 0.6156250000000001 0.36328125 0.09062500000000001 0.1203125
14 0.84296875 0.36875 0.1203125 0.12187500000000001
10 0.1203125 0.6429687500000001 0.1375 0.1390625
31 0.37421875000000004 0.6429687500000001 0.1546875 0.1484375
6 0.5921875 0.6156250000000001 0.109375 0.1125
11 0.87109375 0.58046875 0.1171875 0.1203125
16 0.12187500000000001 0.87421875 0.153125 0.15781250000000002
