14 0.10703125000000001 0.10625000000000001 0.1546875 0.15937500000000002
3 0.37343750000000003 0.16718750000000002 0.12812500000000002 0.1625
1 0.57265625 0.07890625000000001 0.06406250000000001 0.09531250000000001
2 0.8562500000000001 0.09296875 0.09062500000000001 0.1015625
11 0.1265625 0.371875 0.15937500000000002 0.16562500000000002
10 0.35859375000000004 0.38515625000000003 0.1171875 0.1171875
21 0.6390625000000001 0.39296875000000003 0.17500000000000002 0.1765625
24 0.8656250000000001 0.384375 0.12187500000000001 0.125
19 0.10390625 0.64609375 0.1078125 0.11406250000000001
13 0.36250000000000004 0.5945312500000001 0.1 0.1046875
31 0.6000000000000001 0.6023437500000001 0.10625000000000001 0.1328125
6 0.8390625 0.6375000000000001 0.096875 0.09062500000000001
1 0.11484375000000001 0.8695312500000001 0.1046875 0.1265625
