0 0.12812500000000002 0.15625 0.11875000000000001 0.1125
17 0.36953125000000003 0.11015625000000001 0.1234375 0.11093750000000001
19 0.59140625 0.1234375 0.11093750000000001 0.14375000000000002
27 0.853125 0.13359375 0.10312500000000001 0.1046875
2 0.13046875 0.32578125 0.11093750000000001 0.11406250000000001
27 0.36796875 0.36015625 0.15781250000000002 0.1640625
18 0.6046875 0.38203125000000004 0.134375 0.1296875
15 0.8523437500000001 0.35859375000000004 0.0703125 0.1328125
17 0.1125 0.62265625 0.14375000000000002 0.15156250000000002
24 0.39140625 0.5890625 0.15156250000000002 0.153125
4 0.6000000000000001 0.6125 0.10312500000000001 0.11875000000000001
4 0.8523437500000001 0.60703125 0.08281250000000001 0.11093750000000001
2 0.11484375000000001 0.8460937500000001 0.1078125 0.1234375
9 0.35546875 0.84921875 0.0859375 0.1265625
21 0.6039062500000001 0.8640625000000001 0.1015625 0.10312500000000001
34 0.87421875 0.88671875 0.13593750000000002 0.1328125
