14 0.1125 0.09765625 0.109375 0.11406250000000001
29 0.36953125000000003 0.13984375000000002 0.1328125 0.1328125
31 0.5789062500000001 0.10390625 0.09531250000000001 0.0921875
9 0.8796875000000001 0.06640625 0.09062500000000001 0.1046875
8 0.0921875 0.3875 0.153125 0.15937500000000002
1 0.37890625 0.41796875 0.1265625 0.1484375
21 0.6015625 0.34375 0.06875 0.09375
2 0.86484375 0.3671875 0.1265625 0.140625
3 0.115625 0.5796875 0.10312500000000001 0.12187500000000001
30 0.3515625 0.6195312500000001 0.09375 0.09843750000000001
31 0.60703125 0.6257812500000001 0.1203125 0.11093750000000001
22 0.8718750000000001 0.6039062500000001 0.125 0.09531250000000001
11 0.09140625000000001 0.8679687500000001 0.0859375 0.0890625
21 0.375 0.85546875 0.16875 0.1546875
28 0.6078125000000001 0.87421875 0.09375 0.1046875
