20 0.1296875 0.1234375 0.15625 0.15625
2 0.3515625 0.13593750000000002 0.09375 0.115625
31 0.6218750000000001 0.14453125 0.140625 0.1421875
17 0.8914062500000001 0.06953125 0.1078125 0.1078125
25 0.1234375 0.34921875 0.125 0.1265625
5 0.35234375 0.3296875 0.0703125 0.09062500000000001
35 0.6125 0.37109375 0.134375 0.1328125
26 0.8484375000000001 0.3921875 0.11875000000000001 0.134375
2 0.11171875 0.64375 0.1046875 0.12187500000000001
26 0.38906250000000003 0.609375 0.19687500000000002 0.19687500000000002
3 0.6078125000000001 0.63828125 0.15937500000000002 0.15781250000000002
27 0.846875 0.6359375 0.08125 0.10312500000000001
24 0.11406250000000001 0.821875 0.09062500000000001 0.09375
5 0.35078125000000004 0.8601562500000001 0.1234375 0.1234375
