14 0.10312500000000001 0.08281250000000001 0.08125 0.07500000000000001
27 0.35078125000000004 0.11875000000000001 0.1203125 0.11875000000000001
17 0.61875 0.13203125000000002 0.134375 0.13593750000000002
17 0.9046875000000001 0.1328125 0.19687500000000002 0.16875
24 0.11328125 0.38125000000000003 0.1015625 0.109375
14 0.37578125 0.33125000000000004 0.09531250000000001 0.09375
10 0.6273437500000001 0.35781250000000003 0.13593750000000002 0.13125
8 0.8546875 0.34296875000000004 0.078125 0.1078125
18 0.1171875 0.6625000000000001 0.109375 0.10312500000000001
22 0.39375000000000004 0.6390625000000001 0.171875 0.125
18 0.5859375 0.6429687500000001 0.0625 0.09531250000000001
13 0.8679687500000001 0.64375 0.18281250000000002 0.184375
1 0.13125 0.83984375 0.12187500000000001 0.1328125
7 0.3328125 0.8757812500000001 0.09062500000000001 0.0890625
