25 0.1234375 0.1203125 0.17500000000000002 0.17500000000000002
29 0.35546875 0.1171875 0.11406250000000001 0.115625
12 0.59765625 0.10546875 0.06406250000000001 0.1046875
1 0.8617187500000001 0.1265625 0.09531250000000001 0.11875000000000001
22 0.12890625 0.38671875 0.1234375 0.1203125
9 0.3140625 0.3484375 0.07500000000000001 0.08750000000000001
19 0.5953125 0.37109375 0.1125 0.13593750000000002
24 0.8679687500000001 0.33203125 0.1171875 0.1203125
16 0.08984375 0.61484375 0.1234375 0.1234375
14 0.36796875 0.6039062500000001 0.1015625 0.1296875
