1 0.07968750000000001 0.1234375 0.084375 0.08750000000000001
7 0.37265625 0.12109375 0.1296875 0.1390625
18 0.59140625 0.09921875000000001 0.06406250000000001 0.09531250000000001
2 0.859375 0.14375000000000002 0.15625 0.16562500000000002
33 0.09062500000000001 0.34375 0.146875 0.15000000000000002
13 0.40078125000000003 0.340625 0.1453125 0.146875
27 0.59921875 0.38046875 0.1203125 0.1390625
11 0.8765625 0.3359375 0.11875000000000001 0.11875000000000001
30 0.1046875 0.6359375 0.1125 0.1125
23 0.37812500000000004 0.6265625 0.153125 0.16562500000000002
11 0.65 0.5945312500000001 0.15625 0.15781250000000002
15 0.8609375 0.64609375 0.1125 0.11093750000000001
11 0.12265625000000001 0.90390625 0.1171875 0.1265625
3 0.33515625000000004 0.884375 0.13593750000000002 0.13125
6 0.5875 0.8500000000000001 0.12812500000000002 0.13125
