2 0.10078125 0.14375000000000002 0.0734375 0.10312500000000001
27 0.35781250000000003 0.09062500000000001 0.096875 0.09375
6 0.6078125000000001 0.13828125 0.11875000000000001 0.1546875
11 0.85703125 0.08750000000000001 0.0890625 0.09062500000000001
20 0.1390625 0.37265625 0.184375 0.1859375
9 0.35625 0.37031250000000004 0.125 0.15000000000000002
27 0.62890625 0.39765625000000004 0.1953125 0.1859375
3 0.8500000000000001 0.37109375 0.12812500000000002 0.1390625
3 0.10546875 0.59140625 0.0734375 0.1015625
6 0.3828125 0.6625000000000001 0.11875000000000001 0.153125
