22 0.13359375 0.12578125 0.1328125 0.1171875
0 0.34609375000000003 0.14609375 0.1171875 0.1390625
2 0.6117187500000001 0.15078125 0.1046875 0.1421875
23 0.86875 0.1453125 0.09062500000000001 0.115625
18 0.11328125 0.34296875000000004 0.1203125 0.1203125
9 0.375 0.3671875 0.109375 0.140625
27 0.6312500000000001 0.38046875 0.171875 0.1703125
1 0.8757812500000001 0.38984375000000004 0.15156250000000002 0.15781250000000002
21 0.1015625 0.5953125 0.084375 0.1125
28 0.3640625 0.62265625 0.1625 0.16718750000000002
