17 0.09453125000000001 0.09609375 0.1171875 0.11093750000000001
26 0.37421875000000004 0.13359375 0.1203125 0.1453125
12 0.61328125 0.09609375 0.09531250000000001 0.09531250000000001
9 0.8671875 0.153125 0.1 0.134375
3 0.10859375 0.37734375000000003 0.15781250000000002 0.1484375
18 0.36640625000000004 0.36328125 0.1203125 0.1203125
33 0.5921875 0.34921875 0.14375000000000002 0.1421875
18 0.8367187500000001 0.36953125000000003 0.0921875 0.09531250000000001
33 0.12890625 0.60078125 0.1328125 0.1328125
18 0.37343750000000003 0.6312500000000001 0.134375 0.13125
