2 0.12265625000000001 0.11328125 0.1421875 0.1390625
22 0.38671875 0.09843750000000001 0.1421875 0.12812500000000002
8 0.5789062500000001 0.10546875 0.1078125 0.1171875
2 0.8562500000000001 0.09140625000000001 0.078125 0.1046875
33 0.1234375 0.33203125 0.12187500000000001 0.11406250000000001
4 0.353125 0.36953125000000003 0.1625 0.15156250000000002
10 0.6171875 0.35703125 0.125 0.1265625
23 0.8765625 0.32343750000000004 0.10312500000000001 0.1125
33 0.13046875 0.6328125 0.1421875 0.134375
21 0.37421875000000004 0.6531250000000001 0.11406250000000001 0.146875
18 0.59765625 0.65625 0.0671875 0.140625
17 0.8601562500000001 0.6156250000000001 0.11093750000000001 0.11875000000000001
