14 0.12109375 0.12578125 0.16718750000000002 0.16718750000000002
35 0.37421875000000004 0.11484375000000001 0.1296875 0.1265625
21 0.59140625 0.13593750000000002 0.06406250000000001 0.09375
19 0.8562500000000001 0.15937500000000002 0.109375 0.15625
3 0.1078125 0.34609375000000003 0.1 0.1234375
17 0.36875 0.34765625 0.125 0.1421875
19 0.6078125000000001 0.38593750000000004 0.15000000000000002 0.15000000000000002
31 0.88046875 0.353125 0.11093750000000001 0.115625
19 0.11328125 0.57734375 0.09531250000000001 0.0921875
31 0.3921875 0.5921875 0.14375000000000002 0.140625
8 0.6218750000000001 0.5828125000000001 0.09062500000000001 0.10625000000000001
11 0.8234375 0.60546875 0.10312500000000001 0.1046875
32 0.15703125 0.9046875000000001 0.2078125 0.209375
10 0.36015625 0.8679687500000001 0.1296875 0.1265625
32 0.6140625000000001 0.8656250000000001 0.11875000000000001 0.11875000000000001
22 0.9085937500000001 0.85859375 0.18906250000000002 0.1328125
