1 0.1125 0.1015625 0.115625 0.13125
14 0.3609375 0.11640625 0.08750000000000001 0.09531250000000001
27 0.6335937500000001 0.08359375000000001 0.1234375 0.1234375
27 0.87890625 0.096875 0.1265625 0.12812500000000002
20 0.10390625 0.38046875 0.1015625 0.09531250000000001
27 0.35859375000000004 0.35468750000000004 0.15156250000000002 0.15625
26 0.6101562500000001 0.37578125 0.11406250000000001 0.1203125
3 0.83203125 0.328125 0.09531250000000001 0.109375
24 0.15390625000000002 0.6179687500000001 0.18906250000000002 0.1921875
30 0.36328125 0.5921875 0.09843750000000001 0.1
7 0.6351562500000001 0.6218750000000001 0.1546875 0.153125
12 0.87109375 0.6429687500000001 0.1421875 0.1390625
13 0.12578125 0.86484375 0.1640625 0.1703125
16 0.38515625000000003 0.92109375 0.15156250000000002 0.1765625
