29 0.12265625000000001 0.07421875 0.1046875 0.11093750000000001
24 0.36015625 0.13515625 0.1171875 0.1171875
23 0.6218750000000001 0.09765625 0.109375 0.11093750000000001
13 0.87421875 0.10234375000000001 0.1328125 0.13593750000000002
1 0.08359375000000001 0.33515625000000004 0.0859375 0.0921875
1 0.36640625000000004 0.37890625 0.1078125 0.1296875
13 0.60859375 0.390625 0.11093750000000001 0.109375
27 0.9109375000000001 0.375 0.225 0.20625000000000002
26 0.125 0.6023437500000001 0.146875 0.1453125
1 0.371875 0.58828125 0.10312500000000001 0.09531250000000001
30 0.62421875 0.63046875 0.1640625 0.1640625
9 0.890625 0.6429687500000001 0.16562500000000002 0.1640625
8 0.109375 0.88671875 0.11875000000000001 0.1296875
3 0.328125 0.84140625 0.07500000000000001 0.0921875
26 0.6046875 0.8992187500000001 0.09062500000000001 0.1203125
27 0.890625 0.9046875000000001 0.184375 0.140625
