32 0.1125 0.11796875000000001 0.134375 0.1265625
2 0.32343750000000004 0.08671875000000001 0.09062500000000001 0.09843750000000001
17 0.6265625 0.10859375 0.16875 0.1703125
21 0.8734375000000001 0.1375 0.12187500000000001 0.13125
21 0.11093750000000001 0.3875 0.1 0.11875000000000001
4 0.34765625 0.37890625 0.1046875 0.1171875
25 0.6039062500000001 0.36562500000000003 0.1078125 0.10625000000000001
1 0.85546875 0.37578125 0.1046875 0.1328125
6 0.09531250000000001 0.6023437500000001 0.10625000000000001 0.1296875
10 0.34296875000000004 0.6203125 0.09531250000000001 0.09375
7 0.62109375 0.5875 0.09531250000000001 0.109375
23 0.8539062500000001 0.6015625 0.11093750000000001 0.1125
4 0.096875 0.8671875 0.12812500000000002 0.12812500000000002
5 0.353125 0.8835937500000001 0.078125 0.11406250000000001
24 0.6257812500000001 0.84375 0.1328125 0.140625
