33 0.13515625 0.12187500000000001 0.1765625 0.16875
27 0.35859375000000004 0.08203125 0.0921875 0.0890625
8 0.59375 0.12734375 0.13125 0.1390625
7 0.853125 0.140625 0.08750000000000001 0.10625000000000001
5 0.12265625000000001 0.40390625 0.1203125 0.1484375
16 0.3875 0.38046875 0.178125 0.18906250000000002
16 0.6414062500000001 0.36562500000000003 0.18906250000000002 0.1875
1 0.8445312500000001 0.37343750000000003 0.1296875 0.125
27 0.11953125 0.6000000000000001 0.1296875 0.12812500000000002
7 0.36015625 0.64375 0.11406250000000001 0.115625
28 0.65390625 0.6414062500000001 0.1796875 0.1796875
7 0.88984375 0.5750000000000001 0.1046875 0.109375
12 0.13593750000000002 0.8359375 0.125 0.125
21 0.33203125 0.8484375000000001 0.11093750000000001 0.115625
13 0.60703125 0.82578125 0.08281250000000001 0.0890625
33 0.8484375000000001 0.8851562500000001 0.08750000000000001 0.09531250000000001
