25 0.11875000000000001 0.14140625 0.115625 0.1296875
6 0.33203125 0.1203125 0.09531250000000001 0.09062500000000001
6 0.6140625000000001 0.0734375 0.09062500000000001 0.1
3 0.8835937500000001 0.09062500000000001 0.1421875 0.134375
32 0.10078125 0.33515625000000004 0.09531250000000001 0.0890625
3 0.36015625 0.36015625 0.1296875 0.1390625
23 0.64453125 0.39609375 0.15781250000000002 0.15781250000000002
1 0.83984375 0.38984375000000004 0.09531250000000001 0.1328125
0 0.11484375000000001 0.6375000000000001 0.09843750000000001 0.12187500000000001
4 0.34687500000000004 0.6375000000000001 0.15937500000000002 0.153125
18 0.6125 0.6273437500000001 0.125 0.1234375
3 0.87421875 0.6101562500000001 0.13593750000000002 0.1296875
