8 0.0703125 0.08828125 0.08125 0.09531250000000001
34 0.3453125 0.09062500000000001 0.09375 0.09375
21 0.6257812500000001 0.10234375000000001 0.1265625 0.15781250000000002
5 0.9007812500000001 0.07265625 0.11093750000000001 0.1078125
35 0.125 0.371875 0.15625 0.1625
5 0.37265625 0.384375 0.1234375 0.14375000000000002
27 0.6109375 0.390625 0.153125 0.153125
27 0.88984375 0.3609375 0.15781250000000002 0.153125
2 0.10703125000000001 0.6015625 0.1265625 0.134375
22 0.40078125000000003 0.63984375 0.1859375 0.13593750000000002
18 0.57734375 0.6140625000000001 0.06406250000000001 0.096875
23 0.9015625 0.60703125 0.21875 0.22031250000000002
22 0.1015625 0.8914062500000001 0.16875 0.16718750000000002
24 0.359375 0.8609375 0.13125 0.134375
10 0.61484375 0.8921875 0.1046875 0.1
