18 0.115625 0.078125 0.09062500000000001 0.09062500000000001
6 0.36640625000000004 0.10703125000000001 0.1453125 0.13593750000000002
19 0.6296875000000001 0.09921875000000001 0.140625 0.15781250000000002
29 0.8406250000000001 0.07578125000000001 0.059375000000000004 0.0859375
34 0.11640625 0.39687500000000003 0.1296875 0.13125
33 0.36796875 0.37265625 0.15781250000000002 0.15781250000000002
10 0.6109375 0.35546875 0.125 0.1265625
23 0.85703125 0.38828125 0.1328125 0.1421875
25 0.1234375 0.5890625 0.134375 0.134375
19 0.384375 0.56796875 0.10625000000000001 0.1015625
