7 0.12890625 0.12187500000000001 0.11093750000000001 0.125
10 0.35703125 0.11015625000000001 0.11093750000000001 0.1203125
4 0.6046875 0.12734375 0.07500000000000001 0.09843750000000001
10 0.8656250000000001 0.1234375 0.153125 0.15625
29 0.09531250000000001 0.35390625000000003 0.08125 0.09531250000000001
17 0.40859375000000003 0.38203125000000004 0.2078125 0.18906250000000002
2 0.640625 0.3296875 0.11875000000000001 0.11875000000000001
3 0.85546875 0.37109375 0.1203125 0.1453125
4 0.10546875 0.6468750000000001 0.09531250000000001 0.1
17 0.38828125 0.5890625 0.1296875 0.13125
