3 0.11171875 0.1078125 0.1203125 0.14375000000000002
2 0.35000000000000003 0.1046875 0.109375 0.125
14 0.634375 0.12812500000000002 0.1625 0.16562500000000002
18 0.84765625 0.0921875 0.1171875 0.11875000000000001
34 0.12578125 0.37421875000000004 0.1703125 0.1703125
20 0.36953125000000003 0.4 0.11406250000000001 0.109375
14 0.6015625 0.353125 0.09062500000000001 0.109375
30 0.8539062500000001 0.36171875000000003 0.13593750000000002 0.1390625
30 0.10703125000000001 0.62890625 0.11406250000000001 0.11406250000000001
16 0.36796875 0.6125 0.1296875 0.1375
23 0.6062500000000001 0.61875 0.10312500000000001 0.09375
4 0.84921875 0.5953125 0.1234375 0.140625
16 0.0890625 0.84375 0.1375 0.140625
2 0.340625 0.8703125 0.109375 0.1125
2 0.5867187500000001 0.8656250000000001 0.11406250000000001 0.11875000000000001
