10 0.13828125 0.16328125000000002 0.1640625 0.1703125
4 0.37343750000000003 0.09140625000000001 0.140625 0.1484375
16 0.60703125 0.11875000000000001 0.1453125 0.16875
35 0.8460937500000001 0.12109375 0.0921875 0.1078125
2 0.11328125 0.35703125 0.11093750000000001 0.1234375
11 0.34765625 0.37734375000000003 0.1203125 0.1203125
16 0.61328125 0.36953125000000003 0.1078125 0.1078125
10 0.84921875 0.37265625 0.1203125 0.1296875
28 0.1234375 0.5945312500000001 0.12187500000000001 0.1421875
31 0.3671875 0.59140625 0.096875 0.09843750000000001
24 0.625 0.6117187500000001 0.140625 0.1390625
