0 0.11328125 0.096875 0.0765625 0.115625
10 0.36562500000000003 0.13515625 0.12812500000000002 0.1390625
34 0.63828125 0.1125 0.1328125 0.1375
10 0.8695312500000001 0.1234375 0.1234375 0.125
24 0.10390625 0.35859375000000004 0.1546875 0.1546875
7 0.35703125 0.3875 0.0890625 0.12187500000000001
2 0.59609375 0.359375 0.06406250000000001 0.08125
35 0.8406250000000001 0.35234375 0.084375 0.09843750000000001
1 0.09609375 0.59609375 0.0703125 0.0890625
13 0.37890625 0.5859375 0.1171875 0.115625
3 0.6023437500000001 0.63203125 0.1265625 0.1390625
28 0.86484375 0.60078125 0.1171875 0.1265625
11 0.1234375 0.87421875 0.15625 0.15781250000000002
32 0.37812500000000004 0.9148437500000001 0.19687500000000002 0.1765625
33 0.60546875 0.8757812500000001 0.1296875 0.1296875
