18 0.10390625 0.09296875 0.1015625 0.1203125
27 0.36562500000000003 0.12890625 0.134375 0.1328125
34 0.6179687500000001 0.11953125 0.15156250000000002 0.15156250000000002
28 0.8851562500000001 0.08203125 0.1265625 0.1265625
8 0.12109375 0.39453125 0.1453125 0.1421875
19 0.38046875 0.39453125 0.1421875 0.1421875
1 0.6046875 0.35546875 0.08125 0.0921875
3 0.8601562500000001 0.3796875 0.1203125 0.140625
7 0.11171875 0.6125 0.1046875 0.140625
15 0.37343750000000003 0.6234375000000001 0.171875 0.16875
30 0.6257812500000001 0.6335937500000001 0.1328125 0.15781250000000002
5 0.8328125000000001 0.5953125 0.096875 0.115625
6 0.09140625000000001 0.8765625 0.0703125 0.09062500000000001
21 0.35234375 0.8484375000000001 0.0890625 0.10625000000000001
17 0.56875 0.85859375 0.1 0.09843750000000001
12 0.8796875000000001 0.88203125 0.14375000000000002 0.1609375
