14 0.11171875 0.1328125 0.1171875 0.12812500000000002
23 0.35859375000000004 0.11640625 0.07968750000000001 0.09531250000000001
23 0.6414062500000001 0.14453125 0.15781250000000002 0.1703125
21 0.86640625 0.10234375000000001 0.1203125 0.1328125
21 0.109375 0.33671875 0.084375 0.11406250000000001
28 0.35703125 0.37578125 0.1046875 0.1078125
35 0.61484375 0.35625 0.13593750000000002 0.13125
24 0.8421875000000001 0.33046875000000003 0.09062500000000001 0.0921875
35 0.125 0.6171875 0.15937500000000002 0.15937500000000002
23 0.39687500000000003 0.6156250000000001 0.2 0.2
7 0.6023437500000001 0.6312500000000001 0.1265625 0.12187500000000001
11 0.84765625 0.60546875 0.1203125 0.1265625
30 0.1265625 0.8859375 0.115625 0.12187500000000001
2 0.36250000000000004 0.8914062500000001 0.10312500000000001 0.1265625
17 0.6171875 0.8835937500000001 0.15000000000000002 0.15781250000000002
