16 0.13593750000000002 0.1125 0.178125 0.178125
21 0.40156250000000004 0.06796875000000001 0.09375 0.0921875
9 0.6351562500000001 0.08750000000000001 0.1015625 0.1
17 0.8656250000000001 0.125 0.134375 0.134375
33 0.12109375 0.390625 0.11406250000000001 0.14375000000000002
19 0.33437500000000003 0.36250000000000004 0.046875 0.09375
31 0.6078125000000001 0.37265625 0.12812500000000002 0.13593750000000002
1 0.85703125 0.39453125 0.1328125 0.1421875
15 0.09140625000000001 0.5953125 0.0421875 0.08750000000000001
5 0.375 0.6429687500000001 0.134375 0.1390625
30 0.6484375 0.5640625 0.09062500000000001 0.09062500000000001
15 0.84375 0.6046875 0.084375 0.1
2 0.1265625 0.89453125 0.14375000000000002 0.1421875
20 0.353125 0.8992187500000001 0.13125 0.1328125
15 0.6179687500000001 0.87265625 0.1546875 0.1640625
4 0.88046875 0.8390625 0.11406250000000001 0.12187500000000001
