33 0.12734375 0.13828125 0.1328125 0.1328125
20 0.3671875 0.14140625 0.134375 0.1203125
7 0.6265625 0.134375 0.084375 0.10625000000000001
10 0.8515625 0.125 0.115625 0.109375
17 0.10312500000000001 0.37890625 0.10625000000000001 0.1078125
26 0.36015625 0.3765625 0.09531250000000001 0.10625000000000001
21 0.64375 0.39296875000000003 0.1625 0.1609375
19 0.8500000000000001 0.35234375 0.13125 0.1484375
22 0.12109375 0.6257812500000001 0.13593750000000002 0.1265625
35 0.37265625 0.65234375 0.09843750000000001 0.11406250000000001
28 0.6390625000000001 0.6468750000000001 0.15000000000000002 0.153125
33 0.84375 0.6203125 0.1125 0.109375
17 0.10703125000000001 0.8421875000000001 0.07968750000000001 0.096875
15 0.34609375000000003 0.89375 0.1484375 0.15000000000000002
31 0.6117187500000001 0.88828125 0.1296875 0.1296875
20 0.86875 0.8539062500000001 0.12812500000000002 0.1453125
