14 0.10078125 0.10703125000000001 0.0921875 0.09531250000000001
31 0.36640625000000004 0.13125 0.1453125 0.15000000000000002
24 0.61640625 0.10234375000000001 0.1234375 0.1265625
33 0.8460937500000001 0.15078125 0.1171875 0.1390625
33 0.11640625 0.36796875 0.1234375 0.1234375
33 0.36250000000000004 0.37109375 0.1125 0.1234375
4 0.60703125 0.39453125 0.1015625 0.1265625
6 0.87109375 0.3640625 0.17343750000000002 0.16875
13 0.10546875 0.60859375 0.15156250000000002 0.15156250000000002
2 0.34765625 0.6257812500000001 0.1234375 0.1203125
17 0.603125 0.6179687500000001 0.096875 0.1234375
12 0.87890625 0.6257812500000001 0.1453125 0.1453125
28 0.10234375000000001 0.884375 0.09843750000000001 0.1
30 0.37578125 0.8359375 0.1328125 0.13125
2 0.628125 0.88046875 0.15625 0.15781250000000002
8 0.8640625000000001 0.8484375000000001 0.08125 0.10312500000000001
