22 0.109375 0.12109375 0.125 0.11406250000000001
2 0.35781250000000003 0.14296875 0.1625 0.1703125
29 0.6195312500000001 0.08046875 0.09531250000000001 0.1015625
0 0.8500000000000001 0.12812500000000002 0.078125 0.109375
11 0.13125 0.40546875000000004 0.1625 0.16718750000000002
34 0.35625 0.35781250000000003 0.15937500000000002 0.15937500000000002
2 0.571875 0.34765625 0.1 0.1078125
4 0.8640625000000001 0.38906250000000003 0.140625 0.14375000000000002
18 0.12421875 0.5593750000000001 0.07968750000000001 0.084375
18 0.353125 0.66953125 0.065625 0.1390625
17 0.59921875 0.62890625 0.08281250000000001 0.0859375
3 0.8609375 0.60703125 0.1125 0.1453125
1 0.12421875 0.8226562500000001 0.1078125 0.11093750000000001
