16 0.1203125 0.15234375 0.12187500000000001 0.1328125
23 0.3828125 0.115625 0.16875 0.16875
35 0.61484375 0.09453125000000001 0.11093750000000001 0.11093750000000001
34 0.890625 0.15937500000000002 0.171875 0.178125
10 0.13515625 0.3484375 0.1390625 0.1375
16 0.3671875 0.38984375000000004 0.15000000000000002 0.1484375
4 0.6171875 0.38906250000000003 0.15000000000000002 0.146875
19 0.84765625 0.3875 0.18281250000000002 0.17500000000000002
25 0.1296875 0.59375 0.125 0.125
10 0.36015625 0.6312500000000001 0.11093750000000001 0.109375
