7 0.08671875000000001 0.13046875 0.0890625 0.0890625
32 0.40468750000000003 0.11171875 0.19062500000000002 0.1859375
11 0.6179687500000001 0.13593750000000002 0.13593750000000002 0.14375000000000002
3 0.84921875 0.13515625 0.11406250000000001 0.1203125
31 0.11093750000000001 0.36171875000000003 0.12187500000000001 0.11406250000000001
25 0.36875 0.35703125 0.115625 0.1171875
4 0.596875 0.35234375 0.096875 0.11406250000000001
14 0.85703125 0.38203125000000004 0.0859375 0.1328125
8 0.08984375 0.62109375 0.1390625 0.13593750000000002
1 0.34140625 0.5984375000000001 0.0484375 0.078125
35 0.6484375 0.584375 0.11875000000000001 0.11875000000000001
23 0.87265625 0.6335937500000001 0.16718750000000002 0.17343750000000002
21 0.08828125 0.85859375 0.09531250000000001 0.1078125
35 0.384375 0.8718750000000001 0.19062500000000002 0.19062500000000002
