19 0.09140625000000001 0.13984375000000002 0.1046875 0.1015625
25 0.38125000000000003 0.10390625 0.134375 0.1609375
18 0.6046875 0.13515625 0.096875 0.1390625
10 0.8367187500000001 0.08750000000000001 0.11093750000000001 0.109375
29 0.1015625 0.34218750000000003 0.134375 0.1375
0 0.35625 0.37343750000000003 0.153125 0.16562500000000002
11 0.63828125 0.40234375 0.1453125 0.1609375
23 0.86875 0.40078125000000003 0.1875 0.18906250000000002
23 0.13125 0.62109375 0.17500000000000002 0.1765625
5 0.36640625000000004 0.61328125 0.15781250000000002 0.1609375
