30 0.125 0.1 0.13125 0.1375
6 0.37265625 0.15000000000000002 0.13593750000000002 0.16562500000000002
20 0.634375 0.09140625000000001 0.134375 0.1328125
33 0.8625 0.12734375 0.15000000000000002 0.1484375
9 0.07890625000000001 0.35078125000000004 0.0765625 0.0921875
35 0.37343750000000003 0.37421875000000004 0.171875 0.17343750000000002
10 0.6179687500000001 0.4 0.1546875 0.16562500000000002
7 0.853125 0.39687500000000003 0.09062500000000001 0.11875000000000001
25 0.09140625000000001 0.60546875 0.09843750000000001 0.09531250000000001
19 0.36015625 0.6335937500000001 0.0859375 0.0890625
0 0.6101562500000001 0.6156250000000001 0.1234375 0.140625
