19 0.109375 0.14296875 0.10625000000000001 0.1421875
23 0.36562500000000003 0.1078125 0.10625000000000001 0.109375
34 0.59765625 0.1078125 0.1640625 0.1625
9 0.85859375 0.11875000000000001 0.1296875 0.134375
7 0.1125 0.3484375 0.1125 0.10625000000000001
21 0.35078125000000004 0.36640625000000004 0.1203125 0.1296875
33 0.6414062500000001 0.3484375 0.16718750000000002 0.1625
33 0.8679687500000001 0.37421875000000004 0.13593750000000002 0.1328125
31 0.09531250000000001 0.59921875 0.13125 0.1203125
33 0.36640625000000004 0.59375 0.09843750000000001 0.125
0 0.6171875 0.6351562500000001 0.11875000000000001 0.1203125
24 0.8640625000000001 0.66171875 0.19062500000000002 0.18906250000000002
