10 0.13828125 0.11328125 0.18906250000000002 0.1859375
20 0.4 0.1015625 0.171875 0.16875
7 0.609375 0.1296875 0.12812500000000002 0.153125
17 0.8953125000000001 0.1125 0.171875 0.17500000000000002
9 0.11406250000000001 0.359375 0.1625 0.16875
21 0.35078125000000004 0.37890625 0.0734375 0.08281250000000001
28 0.6015625 0.3765625 0.12812500000000002 0.12812500000000002
27 0.88671875 0.37031250000000004 0.1703125 0.18125000000000002
18 0.09453125000000001 0.5578125 0.0421875 0.09375
11 0.3453125 0.6046875 0.0625 0.06875
28 0.60078125 0.5789062500000001 0.08281250000000001 0.1015625
35 0.84765625 0.628125 0.1453125 0.14375000000000002
4 0.12890625 0.8203125 0.0921875 0.10625000000000001
