13 0.12421875 0.09609375 0.1765625 0.1796875
35 0.359375 0.08671875000000001 0.08125 0.0859375
33 0.61484375 0.13828125 0.1203125 0.1046875
27 0.8617187500000001 0.1234375 0.11093750000000001 0.10625000000000001
11 0.065625 0.3484375 0.09062500000000001 0.09062500000000001
31 0.36953125000000003 0.38359375 0.1453125 0.1453125
5 0.61875 0.36015625 0.11875000000000001 0.1328125
4 0.88203125 0.4109375 0.1203125 0.12187500000000001
18 0.10390625 0.5593750000000001 0.051562500000000004 0.08125
21 0.35625 0.61640625 0.109375 0.11093750000000001
3 0.61328125 0.62890625 0.1046875 0.11406250000000001
31 0.878125 0.6265625 0.171875 0.171875
13 0.13125 0.8929687500000001 0.13125 0.15156250000000002
10 0.36484375 0.8828125 0.1328125 0.15000000000000002
