16 0.1265625 0.13984375000000002 0.1875 0.1859375
10 0.3359375 0.08984375 0.10625000000000001 0.11093750000000001
18 0.5945312500000001 0.08046875 0.0546875 0.0703125
20 0.8859375 0.10703125000000001 0.16562500000000002 0.1609375
9 0.11406250000000001 0.35546875 0.109375 0.13593750000000002
13 0.35546875 0.36562500000000003 0.0859375 0.096875
23 0.6328125 0.37578125 0.15625 0.16718750000000002
24 0.8835937500000001 0.34921875 0.1546875 0.1546875
0 0.1203125 0.60078125 0.115625 0.1328125
13 0.37890625 0.59765625 0.15781250000000002 0.1609375
25 0.6328125 0.5906250000000001 0.134375 0.146875
