23 0.1203125 0.12109375 0.1625 0.1609375
3 0.36328125 0.07890625000000001 0.0890625 0.11093750000000001
1 0.6023437500000001 0.15000000000000002 0.0703125 0.115625
14 0.87421875 0.11328125 0.1015625 0.1390625
16 0.11640625 0.42265625 0.1203125 0.15781250000000002
30 0.37812500000000004 0.38515625000000003 0.134375 0.1546875
18 0.58046875 0.35859375000000004 0.0578125 0.0921875
16 0.8523437500000001 0.38046875 0.1453125 0.1453125
15 0.10625000000000001 0.62890625 0.125 0.1234375
17 0.38906250000000003 0.61875 0.184375 0.184375
29 0.61484375 0.59296875 0.1609375 0.1640625
8 0.8828125 0.58125 0.10625000000000001 0.1
24 0.13046875 0.87109375 0.1484375 0.15156250000000002
28 0.34609375000000003 0.89375 0.15156250000000002 0.153125
8 0.5945312500000001 0.8679687500000001 0.0765625 0.11093750000000001
25 0.8601562500000001 0.9007812500000001 0.15156250000000002 0.1609375
