33 0.11328125 0.12421875 0.1453125 0.1390625
12 0.3609375 0.08750000000000001 0.11875000000000001 0.134375
19 0.6015625 0.12109375 0.10625000000000001 0.1390625
34 0.84765625 0.13125 0.0921875 0.125
33 0.10312500000000001 0.371875 0.109375 0.115625
0 0.37109375 0.36484375 0.11093750000000001 0.1390625
20 0.6328125 0.371875 0.171875 0.17500000000000002
35 0.8640625000000001 0.38671875 0.171875 0.17343750000000002
33 0.11640625 0.6109375 0.1203125 0.1125
7 0.375 0.5867187500000001 0.1 0.11406250000000001
2 0.6039062500000001 0.6375000000000001 0.0765625 0.115625
22 0.8562500000000001 0.6109375 0.15937500000000002 0.16562500000000002
24 0.11406250000000001 0.8578125000000001 0.1625 0.16562500000000002
22 0.371875 0.8515625 0.125 0.125
