18 0.09375 0.13828125 0.09062500000000001 0.09531250000000001
34 0.39453125 0.12890625 0.1484375 0.15156250000000002
33 0.60859375 0.1484375 0.1203125 0.125
16 0.8679687500000001 0.09296875 0.11093750000000001 0.1234375
28 0.11796875000000001 0.33515625000000004 0.0921875 0.11093750000000001
8 0.36562500000000003 0.3953125 0.115625 0.14375000000000002
1 0.6101562500000001 0.3375 0.0671875 0.10312500000000001
31 0.8546875 0.36640625000000004 0.1375 0.1328125
35 0.1234375 0.63046875 0.15000000000000002 0.1484375
15 0.384375 0.6117187500000001 0.15625 0.16718750000000002
7 0.6000000000000001 0.625 0.1125 0.134375
23 0.875 0.60546875 0.12812500000000002 0.1265625
12 0.09765625 0.8679687500000001 0.1265625 0.1390625
4 0.384375 0.8328125000000001 0.096875 0.09375
11 0.603125 0.89375 0.1625 0.1625
