6 0.11484375000000001 0.09921875000000001 0.0859375 0.11406250000000001
7 0.33515625000000004 0.09843750000000001 0.07968750000000001 0.1
14 0.6156250000000001 0.10546875 0.12187500000000001 0.1265625
14 0.8640625000000001 0.140625 0.12187500000000001 0.1125
7 0.115625 0.40078125000000003 0.12187500000000001 0.1484375
3 0.36328125 0.39453125 0.0921875 0.1203125
5 0.60546875 0.36328125 0.1203125 0.1328125
28 0.8695312500000001 0.38515625000000003 0.1296875 0.1421875
10 0.09140625000000001 0.6179687500000001 0.0890625 0.0859375
14 0.33828125000000003 0.61640625 0.1203125 0.1203125
10 0.6351562500000001 0.59765625 0.15781250000000002 0.1546875
33 0.8562500000000001 0.6273437500000001 0.12812500000000002 0.1265625
