26 0.14921875 0.12734375 0.19843750000000002 0.19843750000000002
3 0.34687500000000004 0.12578125 0.1125 0.11406250000000001
13 0.6023437500000001 0.09296875 0.1328125 0.13593750000000002
9 0.8500000000000001 0.12812500000000002 0.07500000000000001 0.109375
35 0.12890625 0.3921875 0.1484375 0.15000000000000002
20 0.36953125000000003 0.36171875000000003 0.1296875 0.1296875
35 0.6062500000000001 0.38828125 0.115625 0.1203125
4 0.8671875 0.375 0.15000000000000002 0.153125
17 0.11953125 0.56875 0.0921875 0.096875
10 0.35625 0.60703125 0.08750000000000001 0.09843750000000001
