33 0.11406250000000001 0.1015625 0.109375 0.10625000000000001
11 0.3640625 0.11875000000000001 0.115625 0.1125
34 0.60703125 0.13046875 0.13593750000000002 0.1390625
11 0.8609375 0.1328125 0.09375 0.115625
32 0.10312500000000001 0.359375 0.10312500000000001 0.10312500000000001
9 0.36640625000000004 0.4078125 0.1328125 0.15937500000000002
11 0.628125 0.39375000000000004 0.1375 0.1375
11 0.8601562500000001 0.3640625 0.1296875 0.13125
23 0.11484375000000001 0.6218750000000001 0.13593750000000002 0.134375
7 0.33515625000000004 0.6125 0.11093750000000001 0.115625
