22 0.060937500000000006 0.1 0.10625000000000001 0.10625000000000001
12 0.375 0.1296875 0.1375 0.146875
13 0.6335937500000001 0.1046875 0.1484375 0.15937500000000002
33 0.8562500000000001 0.1265625 0.08750000000000001 0.09375
13 0.1125 0.3921875 0.1125 0.109375
7 0.35546875 0.37031250000000004 0.1421875 0.1375
27 0.61640625 0.39296875000000003 0.1203125 0.1390625
25 0.87265625 0.31796875 0.08281250000000001 0.0859375
5 0.09062500000000001 0.6414062500000001 0.13125 0.1453125
25 0.38359375 0.63984375 0.16718750000000002 0.16718750000000002
