4 0.1375 0.07968750000000001 0.115625 0.125
8 0.38359375 0.1234375 0.15781250000000002 0.153125
0 0.59296875 0.12421875 0.1203125 0.1265625
27 0.8890625000000001 0.134375 0.16875 0.178125
20 0.1484375 0.35234375 0.1375 0.1390625
28 0.38593750000000004 0.38593750000000004 0.178125 0.18125000000000002
31 0.5953125 0.32343750000000004 0.1 0.1
18 0.8500000000000001 0.3515625 0.05625 0.07500000000000001
17 0.14375000000000002 0.640625 0.16562500000000002 0.16562500000000002
26 0.39296875000000003 0.6171875 0.1640625 0.171875
4 0.59765625 0.6296875000000001 0.07968750000000001 0.1
28 0.8539062500000001 0.6492187500000001 0.09531250000000001 0.11093750000000001
29 0.11953125 0.91015625 0.1171875 0.1453125
2 0.37734375000000003 0.89375 0.1546875 0.146875
22 0.6171875 0.8765625 0.134375 0.134375
