4 0.11953125 0.07578125000000001 0.1015625 0.11093750000000001
13 0.34687500000000004 0.10703125000000001 0.12187500000000001 0.1265625
13 0.6265625 0.14140625 0.115625 0.1203125
28 0.8765625 0.1421875 0.11875000000000001 0.115625
6 0.11171875 0.3765625 0.1328125 0.134375
28 0.37031250000000004 0.3765625 0.15000000000000002 0.16875
17 0.61640625 0.34218750000000003 0.1078125 0.109375
21 0.8453125 0.37031250000000004 0.07187500000000001 0.096875
7 0.11015625000000001 0.609375 0.0765625 0.109375
23 0.38046875 0.6023437500000001 0.1953125 0.1953125
1 0.58984375 0.6171875 0.0546875 0.084375
15 0.8406250000000001 0.61484375 0.0625 0.09531250000000001
2 0.10234375000000001 0.84296875 0.1328125 0.1390625
20 0.36171875000000003 0.86640625 0.1328125 0.13593750000000002
31 0.61875 0.84375 0.134375 0.140625
12 0.8890625000000001 0.8445312500000001 0.140625 0.1390625
