25 0.11015625000000001 0.08359375000000001 0.1046875 0.1015625
25 0.3515625 0.1375 0.096875 0.1
0 0.6171875 0.13046875 0.115625 0.13593750000000002
35 0.8875000000000001 0.08046875 0.109375 0.1078125
5 0.11875000000000001 0.38593750000000004 0.1 0.125
24 0.3828125 0.42031250000000003 0.13125 0.15937500000000002
1 0.61640625 0.38203125000000004 0.1203125 0.1421875
6 0.85703125 0.34218750000000003 0.09843750000000001 0.12187500000000001
1 0.09843750000000001 0.61640625 0.1 0.1171875
24 0.384375 0.62109375 0.1875 0.18906250000000002
23 0.64375 0.6015625 0.17500000000000002 0.134375
7 0.853125 0.6414062500000001 0.084375 0.1046875
30 0.09765625 0.87890625 0.0890625 0.0890625
2 0.325 0.83984375 0.1 0.11093750000000001
2 0.6359375 0.853125 0.146875 0.146875
5 0.87109375 0.84765625 0.1015625 0.1296875
