3 0.0859375 0.09843750000000001 0.09375 0.11875000000000001
19 0.33828125000000003 0.1 0.0734375 0.096875
32 0.6015625 0.11015625000000001 0.12812500000000002 0.1265625
7 0.859375 0.07187500000000001 0.065625 0.084375
32 0.11484375000000001 0.34453125 0.1265625 0.1046875
20 0.39609375 0.38125000000000003 0.1796875 0.1625
24 0.63828125 0.38125000000000003 0.1640625 0.1625
13 0.8718750000000001 0.33437500000000003 0.109375 0.109375
2 0.06796875000000001 0.60859375 0.09843750000000001 0.09843750000000001
30 0.36953125000000003 0.6453125000000001 0.17343750000000002 0.171875
19 0.61875 0.6156250000000001 0.146875 0.14375000000000002
13 0.88046875 0.5906250000000001 0.1421875 0.140625
