20 0.14453125 0.10859375 0.15156250000000002 0.15156250000000002
20 0.38906250000000003 0.1265625 0.17500000000000002 0.171875
11 0.6375000000000001 0.07890625000000001 0.125 0.1296875
17 0.8859375 0.15703125 0.203125 0.18281250000000002
10 0.11796875000000001 0.37343750000000003 0.11093750000000001 0.10625000000000001
28 0.34375 0.34453125 0.115625 0.1171875
16 0.6257812500000001 0.34453125 0.18281250000000002 0.18281250000000002
3 0.8562500000000001 0.37812500000000004 0.12187500000000001 0.14375000000000002
28 0.1375 0.596875 0.1625 0.16562500000000002
8 0.36015625 0.6203125 0.1203125 0.153125
17 0.5828125000000001 0.61484375 0.10312500000000001 0.1046875
2 0.878125 0.59609375 0.15000000000000002 0.1546875
24 0.12578125 0.8406250000000001 0.1203125 0.11875000000000001
26 0.36015625 0.85078125 0.0890625 0.1171875
22 0.61875 0.8757812500000001 0.115625 0.1171875
