16 0.125 0.11640625 0.125 0.1296875
33 0.384375 0.13671875 0.16562500000000002 0.1640625
3 0.6414062500000001 0.1625 0.1421875 0.146875
12 0.86640625 0.12265625000000001 0.1015625 0.1203125
8 0.12578125 0.3921875 0.15781250000000002 0.15625
20 0.390625 0.34921875 0.17500000000000002 0.16718750000000002
27 0.6078125000000001 0.33906250000000004 0.134375 0.14375000000000002
0 0.8562500000000001 0.37890625 0.084375 0.1078125
6 0.10234375000000001 0.58515625 0.06406250000000001 0.0890625
13 0.36250000000000004 0.61875 0.134375 0.13125
15 0.63046875 0.6203125 0.1328125 0.14375000000000002
11 0.86875 0.62890625 0.134375 0.1328125
