14 0.11953125 0.15156250000000002 0.1265625 0.12812500000000002
2 0.3671875 0.134375 0.146875 0.16562500000000002
13 0.62109375 0.11171875 0.1390625 0.1421875
34 0.8640625000000001 0.14375000000000002 0.12812500000000002 0.1375
8 0.1 0.36640625000000004 0.078125 0.11093750000000001
24 0.36796875 0.37890625 0.1203125 0.1265625
14 0.60859375 0.40078125000000003 0.0921875 0.1296875
18 0.859375 0.33046875000000003 0.065625 0.0765625
14 0.11171875 0.6101562500000001 0.1203125 0.1203125
8 0.35781250000000003 0.5890625 0.07187500000000001 0.09062500000000001
18 0.60546875 0.65625 0.1015625 0.12187500000000001
16 0.8578125000000001 0.6328125 0.125 0.125
