2 0.12812500000000002 0.15546875000000002 0.14375000000000002 0.1546875
34 0.35234375 0.08984375 0.1203125 0.1234375
1 0.6015625 0.11015625000000001 0.12812500000000002 0.11093750000000001
3 0.87265625 0.140625 0.1328125 0.146875
13 0.11875000000000001 0.33125000000000004 0.096875 0.115625
8 0.36328125 0.353125 0.09531250000000001 0.109375
35 0.6140625000000001 0.32578125 0.10312500000000001 0.1078125
35 0.8539062500000001 0.34921875 0.0890625 0.09531250000000001
26 0.1265625 0.6390625000000001 0.15000000000000002 0.15000000000000002
24 0.35546875 0.59375 0.09531250000000001 0.10312500000000001
7 0.62109375 0.6484375 0.13593750000000002 0.14375000000000002
32 0.8812500000000001 0.659375 0.140625 0.140625
35 0.11484375000000001 0.890625 0.1078125 0.10625000000000001
11 0.3453125 0.8609375 0.11875000000000001 0.12187500000000001
1 0.58515625 0.8578125000000001 0.051562500000000004 0.09062500000000001
