12 0.1046875 0.07578125000000001 0.07500000000000001 0.09843750000000001
34 0.3515625 0.096875 0.1375 0.1375
8 0.61875 0.08281250000000001 0.084375 0.10312500000000001
7 0.8453125 0.09453125000000001 0.06875 0.09843750000000001
24 0.125 0.36328125 0.15937500000000002 0.15781250000000002
11 0.3453125 0.37109375 0.125 0.1203125
31 0.6421875 0.34765625 0.134375 0.13593750000000002
14 0.8445312500000001 0.3796875 0.1203125 0.134375
1 0.1171875 0.625 0.11875000000000001 0.13125
7 0.38046875 0.57265625 0.09843750000000001 0.1078125
26 0.66328125 0.6484375 0.18281250000000002 0.17500000000000002
27 0.87421875 0.6257812500000001 0.1484375 0.1546875
29 0.08515625 0.8367187500000001 0.1046875 0.1046875
13 0.38203125000000004 0.83359375 0.11406250000000001 0.11406250000000001
