17 0.14296875 0.15234375 0.1546875 0.16718750000000002
17 0.34140625 0.09140625000000001 0.09843750000000001 0.1078125
7 0.596875 0.1015625 0.065625 0.09062500000000001
17 0.8984375 0.09140625000000001 0.153125 0.1453125
6 0.10390625 0.37578125 0.1171875 0.13593750000000002
20 0.3359375 0.3671875 0.1 0.10625000000000001
0 0.64375 0.33671875 0.10312500000000001 0.09843750000000001
26 0.859375 0.38828125 0.115625 0.11093750000000001
25 0.1171875 0.609375 0.13125 0.153125
23 0.36796875 0.63828125 0.1234375 0.1265625
4 0.6078125000000001 0.6421875 0.125 0.125
2 0.8765625 0.58828125 0.096875 0.0921875
10 0.11640625 0.8828125 0.1421875 0.134375
