0 0.10390625 0.12421875 0.08281250000000001 0.1234375
27 0.36484375 0.13984375000000002 0.09531250000000001 0.11406250000000001
20 0.5906250000000001 0.12578125 0.09062500000000001 0.1015625
24 0.853125 0.09296875 0.13125 0.13593750000000002
31 0.11953125 0.36796875 0.13593750000000002 0.13593750000000002
0 0.3875 0.38984375000000004 0.140625 0.1296875
33 0.6078125000000001 0.3453125 0.146875 0.15625
4 0.8484375000000001 0.3828125 0.08750000000000001 0.1125
21 0.09921875000000001 0.578125 0.0671875 0.1
17 0.37265625 0.6335937500000001 0.1484375 0.1484375
8 0.60703125 0.6101562500000001 0.1203125 0.1453125
31 0.8859375 0.59921875 0.115625 0.1171875
16 0.10312500000000001 0.85078125 0.08125 0.11093750000000001
10 0.35625 0.88046875 0.134375 0.1328125
