4 0.1203125 0.08203125 0.115625 0.1234375
32 0.3484375 0.08281250000000001 0.109375 0.10312500000000001
15 0.6140625000000001 0.08046875 0.10625000000000001 0.1171875
17 0.88828125 0.08750000000000001 0.1265625 0.125
34 0.11093750000000001 0.36250000000000004 0.11875000000000001 0.11875000000000001
20 0.36015625 0.34218750000000003 0.0921875 0.096875
10 0.5984375000000001 0.36171875000000003 0.09062500000000001 0.08281250000000001
2 0.86640625 0.36640625000000004 0.13593750000000002 0.1390625
6 0.10546875 0.634375 0.1328125 0.140625
5 0.35234375 0.5765625 0.060937500000000006 0.08125
28 0.6078125000000001 0.5890625 0.11875000000000001 0.13125
