0 0.11328125 0.09609375 0.1078125 0.1015625
29 0.39687500000000003 0.13515625 0.1375 0.1546875
32 0.63671875 0.1640625 0.1921875 0.15625
19 0.8484375000000001 0.11171875 0.109375 0.1046875
23 0.1015625 0.3609375 0.109375 0.109375
19 0.340625 0.35078125000000004 0.1125 0.1203125
7 0.62109375 0.35546875 0.09843750000000001 0.1234375
13 0.8859375 0.375 0.178125 0.17500000000000002
14 0.11015625000000001 0.6375000000000001 0.1328125 0.1375
23 0.3828125 0.625 0.146875 0.146875
8 0.5921875 0.6101562500000001 0.096875 0.1078125
31 0.859375 0.625 0.13125 0.125
30 0.0671875 0.86484375 0.10312500000000001 0.09843750000000001
4 0.35546875 0.8695312500000001 0.09843750000000001 0.1171875
