22 0.1125 0.1328125 0.15000000000000002 0.153125
6 0.35234375 0.12578125 0.1203125 0.1328125
19 0.58359375 0.115625 0.11093750000000001 0.1125
11 0.8640625000000001 0.13359375 0.16562500000000002 0.1703125
34 0.1421875 0.32656250000000003 0.115625 0.115625
20 0.36796875 0.37734375000000003 0.1390625 0.13593750000000002
28 0.63671875 0.3640625 0.1453125 0.1625
28 0.85546875 0.3453125 0.1015625 0.12187500000000001
27 0.1421875 0.58203125 0.12812500000000002 0.1328125
1 0.38515625000000003 0.6046875 0.1328125 0.12812500000000002
3 0.6117187500000001 0.6351562500000001 0.15781250000000002 0.15781250000000002
35 0.89375 0.58125 0.10312500000000001 0.1
2 0.11953125 0.8539062500000001 0.1265625 0.1421875
8 0.321875 0.8421875000000001 0.08750000000000001 0.1
