13 0.1265625 0.13515625 0.171875 0.17343750000000002
10 0.35703125 0.1421875 0.1046875 0.10312500000000001
35 0.61875 0.15859375 0.178125 0.1796875
19 0.82734375 0.10859375 0.0921875 0.0921875
17 0.13125 0.35546875 0.153125 0.1421875
4 0.35000000000000003 0.38593750000000004 0.08125 0.1
5 0.6156250000000001 0.371875 0.12187500000000001 0.1375
28 0.8617187500000001 0.375 0.15156250000000002 0.146875
8 0.08671875000000001 0.62109375 0.11406250000000001 0.1171875
16 0.37812500000000004 0.61484375 0.15937500000000002 0.15781250000000002
30 0.63671875 0.6265625 0.17343750000000002 0.1625
30 0.859375 0.6335937500000001 0.10312500000000001 0.11406250000000001
3 0.09375 0.84140625 0.084375 0.1046875
16 0.39140625 0.8765625 0.1921875 0.1875
