26 0.13984375000000002 0.10703125000000001 0.15156250000000002 0.15156250000000002
34 0.371875 0.11171875 0.16875 0.16718750000000002
14 0.6179687500000001 0.11796875000000001 0.1640625 0.1640625
23 0.85859375 0.07734375 0.0765625 0.09531250000000001
11 0.10390625 0.34921875 0.1015625 0.11406250000000001
33 0.35234375 0.33125000000000004 0.0859375 0.07187500000000001
31 0.61328125 0.37890625 0.1328125 0.1234375
14 0.8515625 0.33906250000000004 0.084375 0.096875
0 0.13203125000000002 0.6648437500000001 0.1484375 0.17343750000000002
7 0.36640625000000004 0.64765625 0.11406250000000001 0.11406250000000001
