33 0.14921875 0.09531250000000001 0.15156250000000002 0.153125
29 0.3640625 0.1234375 0.134375 0.15000000000000002
4 0.6101562500000001 0.13671875 0.09843750000000001 0.1328125
17 0.8734375000000001 0.1203125 0.16562500000000002 0.16562500000000002
19 0.11406250000000001 0.3875 0.125 0.140625
2 0.325 0.35390625000000003 0.10625000000000001 0.1078125
19 0.61875 0.37812500000000004 0.13125 0.15937500000000002
11 0.8757812500000001 0.33906250000000004 0.1171875 0.12812500000000002
12 0.11875000000000001 0.603125 0.134375 0.15000000000000002
28 0.35859375000000004 0.5859375 0.0859375 0.10625000000000001
13 0.60703125 0.59609375 0.0703125 0.1203125
29 0.8796875000000001 0.59609375 0.12187500000000001 0.1234375
7 0.09062500000000001 0.8546875 0.1375 0.1375
30 0.38125000000000003 0.8546875 0.15625 0.15625
10 0.6062500000000001 0.88984375 0.096875 0.0921875
15 0.84921875 0.88203125 0.09531250000000001 0.1203125
