4 0.11093750000000001 0.125 0.08750000000000001 0.10312500000000001
4 0.35781250000000003 0.115625 0.14375000000000002 0.14375000000000002
13 0.59921875 0.1171875 0.0890625 0.09375
35 0.86328125 0.09453125000000001 0.11093750000000001 0.1203125
7 0.11171875 0.35234375 0.09843750000000001 0.11406250000000001
2 0.34218750000000003 0.34453125 0.078125 0.09531250000000001
14 0.58125 0.36171875000000003 0.12187500000000001 0.1203125
2 0.8515625 0.38515625000000003 0.10625000000000001 0.1203125
26 0.1078125 0.58046875 0.146875 0.15156250000000002
35 0.37109375 0.59609375 0.1265625 0.1328125
15 0.60546875 0.6296875000000001 0.1390625 0.140625
6 0.8453125 0.61484375 0.11875000000000001 0.1328125
3 0.09296875 0.88828125 0.09843750000000001 0.1015625
