12 0.1234375 0.11093750000000001 0.115625 0.1375
25 0.3671875 0.109375 0.140625 0.140625
35 0.6046875 0.09375 0.1 0.10625000000000001
31 0.8656250000000001 0.11171875 0.109375 0.1265625
7 0.09062500000000001 0.34140625 0.08750000000000001 0.09531250000000001
3 0.36484375 0.33437500000000003 0.1078125 0.12187500000000001
26 0.61640625 0.39921875 0.1234375 0.13593750000000002
13 0.85859375 0.37031250000000004 0.13593750000000002 0.153125
19 0.1046875 0.6335937500000001 0.15000000000000002 0.1421875
17 0.40156250000000004 0.5906250000000001 0.140625 0.140625
27 0.62421875 0.65625 0.1421875 0.1375
26 0.86328125 0.56953125 0.09531250000000001 0.1078125
32 0.11875000000000001 0.9140625 0.184375 0.184375
29 0.34609375000000003 0.8671875 0.11406250000000001 0.11875000000000001
33 0.6078125000000001 0.884375 0.125 0.134375
