17 0.11640625 0.10312500000000001 0.09531250000000001 0.10625000000000001
25 0.325 0.09765625 0.10312500000000001 0.1046875
2 0.5945312500000001 0.1171875 0.1171875 0.13125
13 0.8546875 0.1078125 0.153125 0.153125
26 0.11640625 0.3140625 0.09843750000000001 0.10625000000000001
4 0.37031250000000004 0.34453125 0.109375 0.1078125
14 0.6203125 0.38828125 0.13125 0.1296875
26 0.87109375 0.34140625 0.1046875 0.11093750000000001
4 0.09843750000000001 0.6195312500000001 0.078125 0.0921875
16 0.38515625000000003 0.59609375 0.19843750000000002 0.19843750000000002
26 0.609375 0.5828125000000001 0.12187500000000001 0.13125
29 0.86328125 0.6515625 0.13593750000000002 0.1375
30 0.12421875 0.884375 0.1421875 0.146875
12 0.34765625 0.859375 0.06406250000000001 0.078125
21 0.6234375000000001 0.8382812500000001 0.115625 0.1171875
0 0.87109375 0.8679687500000001 0.15156250000000002 0.15156250000000002
