13 0.0921875 0.08828125 0.10625000000000001 0.11406250000000001
29 0.375 0.0890625 0.1 0.1
32 0.62421875 0.1390625 0.1171875 0.10625000000000001
18 0.8703125 0.09609375 0.09375 0.09531250000000001
1 0.10390625 0.38359375 0.1203125 0.11406250000000001
11 0.36484375 0.38828125 0.1171875 0.1203125
13 0.6179687500000001 0.38359375 0.1296875 0.1296875
19 0.87421875 0.37734375000000003 0.1203125 0.1296875
21 0.11953125 0.64375 0.1234375 0.12812500000000002
22 0.3671875 0.6265625 0.10625000000000001 0.109375
23 0.61875 0.640625 0.1 0.11875000000000001
31 0.875 0.5906250000000001 0.12187500000000001 0.12187500000000001
3 0.11640625 0.8109375000000001 0.0859375 0.10312500000000001
26 0.39296875000000003 0.8773437500000001 0.19843750000000002 0.2015625
