13 0.14453125 0.1453125 0.1640625 0.16562500000000002
33 0.36640625000000004 0.0890625 0.11093750000000001 0.1125
10 0.6257812500000001 0.0890625 0.1171875 0.115625
4 0.875 0.1265625 0.153125 0.146875
20 0.14375000000000002 0.35000000000000003 0.15937500000000002 0.1625
33 0.3515625 0.37890625 0.146875 0.1453125
0 0.62109375 0.3609375 0.1171875 0.15000000000000002
31 0.88828125 0.4078125 0.16718750000000002 0.13125
31 0.09843750000000001 0.6390625000000001 0.09062500000000001 0.11875000000000001
2 0.371875 0.6062500000000001 0.14375000000000002 0.140625
8 0.64375 0.5875 0.125 0.125
6 0.8656250000000001 0.6203125 0.109375 0.13125
28 0.12109375 0.84140625 0.1265625 0.1421875
