17 0.13125 0.1125 0.171875 0.178125
14 0.36562500000000003 0.07968750000000001 0.09062500000000001 0.1125
0 0.61640625 0.08984375 0.11406250000000001 0.1390625
17 0.8445312500000001 0.09062500000000001 0.051562500000000004 0.08125
35 0.09765625 0.34375 0.1265625 0.12812500000000002
31 0.3828125 0.3171875 0.096875 0.1
0 0.60703125 0.35625 0.09843750000000001 0.12187500000000001
30 0.8640625000000001 0.36796875 0.15625 0.1484375
18 0.11484375000000001 0.6375000000000001 0.08281250000000001 0.109375
5 0.36640625000000004 0.6296875000000001 0.1203125 0.140625
6 0.6125 0.6023437500000001 0.1125 0.13593750000000002
2 0.8484375000000001 0.5750000000000001 0.07187500000000001 0.1
13 0.1078125 0.8640625000000001 0.153125 0.153125
27 0.40156250000000004 0.859375 0.225 0.203125
