11 0.10312500000000001 0.1234375 0.115625 0.115625
14 0.38203125000000004 0.109375 0.13593750000000002 0.14375000000000002
16 0.6203125 0.15937500000000002 0.134375 0.1625
1 0.84921875 0.1484375 0.07968750000000001 0.125
8 0.09375 0.38671875 0.13125 0.1453125
25 0.3515625 0.33984375 0.10312500000000001 0.11093750000000001
1 0.59140625 0.353125 0.1171875 0.125
17 0.8765625 0.32890625 0.14375000000000002 0.11406250000000001
7 0.1125 0.6484375 0.10312500000000001 0.1
19 0.3671875 0.6328125 0.1375 0.12812500000000002
13 0.6039062500000001 0.6335937500000001 0.1078125 0.11093750000000001
23 0.85546875 0.6359375 0.1046875 0.10625000000000001
35 0.10546875 0.8695312500000001 0.1546875 0.1546875
