7 0.13828125 0.12421875 0.1328125 0.1421875
2 0.36640625000000004 0.11953125 0.1390625 0.1546875
35 0.6039062500000001 0.14140625 0.1171875 0.1265625
14 0.8640625000000001 0.13984375000000002 0.10625000000000001 0.09843750000000001
10 0.1296875 0.35781250000000003 0.153125 0.153125
17 0.39453125 0.35859375000000004 0.16718750000000002 0.15781250000000002
21 0.6414062500000001 0.39375000000000004 0.1640625 0.1625
10 0.8796875000000001 0.371875 0.153125 0.146875
25 0.0734375 0.596875 0.12187500000000001 0.12187500000000001
33 0.36796875 0.6257812500000001 0.1453125 0.1421875
