35 0.11171875 0.12734375 0.13593750000000002 0.1421875
7 0.37109375 0.10703125000000001 0.1421875 0.13593750000000002
21 0.6273437500000001 0.1546875 0.1390625 0.14375000000000002
32 0.86484375 0.08281250000000001 0.0921875 0.08750000000000001
4 0.12890625 0.3203125 0.1015625 0.1
4 0.35234375 0.328125 0.060937500000000006 0.07500000000000001
2 0.6218750000000001 0.3921875 0.1375 0.140625
17 0.86875 0.36953125000000003 0.11875000000000001 0.11406250000000001
7 0.1 0.5953125 0.07500000000000001 0.08750000000000001
14 0.34375 0.6109375 0.065625 0.09062500000000001
24 0.60859375 0.6328125 0.08281250000000001 0.125
16 0.8617187500000001 0.61875 0.09843750000000001 0.1
32 0.13125 0.9265625000000001 0.2 0.203125
