13 0.134375 0.10703125000000001 0.1625 0.1609375
23 0.37734375000000003 0.109375 0.11093750000000001 0.109375
9 0.62421875 0.0890625 0.09843750000000001 0.12187500000000001
29 0.8773437500000001 0.1234375 0.1453125 0.15000000000000002
24 0.10312500000000001 0.36562500000000003 0.1125 0.1125
5 0.34375 0.3140625 0.08125 0.10625000000000001
13 0.6390625000000001 0.390625 0.1625 0.1625
11 0.8765625 0.35546875 0.18125000000000002 0.17343750000000002
13 0.12812500000000002 0.6234375000000001 0.146875 0.15000000000000002
5 0.37578125 0.5906250000000001 0.1046875 0.10625000000000001
31 0.6140625000000001 0.6312500000000001 0.12187500000000001 0.11875000000000001
23 0.8484375000000001 0.6351562500000001 0.0625 0.0921875
8 0.11875000000000001 0.8601562500000001 0.15000000000000002 0.1390625
