34 0.12265625000000001 0.14375000000000002 0.1265625 0.125
18 0.35468750000000004 0.1 0.12187500000000001 0.134375
34 0.6203125 0.11875000000000001 0.134375 0.134375
20 0.8203125 0.1046875 0.096875 0.096875
0 0.11171875 0.38984375000000004 0.11406250000000001 0.1078125
17 0.3921875 0.36640625000000004 0.178125 0.1703125
14 0.61875 0.39296875000000003 0.115625 0.1453125
1 0.815625 0.35468750000000004 0.1 0.096875
5 0.11875000000000001 0.61640625 0.15625 0.17343750000000002
22 0.36562500000000003 0.61875 0.15937500000000002 0.15625
35 0.6078125000000001 0.6195312500000001 0.115625 0.1171875
16 0.8539062500000001 0.6265625 0.1046875 0.134375
15 0.10625000000000001 0.85078125 0.134375 0.1390625
3 0.36328125 0.8343750000000001 0.0890625 0.096875
9 0.6101562500000001 0.85859375 0.16718750000000002 0.16718750000000002
