12 0.09375 0.12265625000000001 0.07187500000000001 0.1015625
31 0.36562500000000003 0.1203125 0.146875 0.14375000000000002
17 0.628125 0.12890625 0.15625 0.15781250000000002
9 0.8625 0.16718750000000002 0.1 0.140625
20 0.11171875 0.390625 0.1453125 0.14375000000000002
11 0.37421875000000004 0.36562500000000003 0.1390625 0.1375
24 0.5828125000000001 0.3375 0.09375 0.096875
6 0.8828125 0.40937500000000004 0.1375 0.1375
22 0.1296875 0.61328125 0.134375 0.1390625
16 0.39375000000000004 0.64609375 0.134375 0.1421875
26 0.61640625 0.6265625 0.09843750000000001 0.12187500000000001
24 0.8460937500000001 0.6125 0.1203125 0.12187500000000001
33 0.11093750000000001 0.88984375 0.1375 0.1328125
17 0.32578125 0.85859375 0.1078125 0.1078125
9 0.6039062500000001 0.8500000000000001 0.11406250000000001 0.11875000000000001
