12 0.09765625 0.11953125 0.11406250000000001 0.1171875
22 0.36250000000000004 0.11875000000000001 0.1 0.1
12 0.59609375 0.1375 0.09531250000000001 0.09375
10 0.8578125000000001 0.13203125000000002 0.134375 0.1328125
4 0.109375 0.35859375000000004 0.12187500000000001 0.11406250000000001
2 0.34140625 0.3609375 0.1203125 0.12187500000000001
23 0.60703125 0.37890625 0.13593750000000002 0.13593750000000002
34 0.87265625 0.3609375 0.1265625 0.134375
0 0.11796875000000001 0.60703125 0.13593750000000002 0.15156250000000002
3 0.3453125 0.60859375 0.10312500000000001 0.1078125
3 0.6117187500000001 0.6117187500000001 0.15156250000000002 0.1484375
