7 0.1 0.09140625000000001 0.08750000000000001 0.11406250000000001
8 0.35703125 0.0859375 0.07968750000000001 0.1
25 0.62265625 0.11796875000000001 0.1421875 0.1421875
24 0.878125 0.10546875 0.171875 0.1765625
2 0.10390625 0.35859375000000004 0.1046875 0.1015625
5 0.35703125 0.35859375000000004 0.11406250000000001 0.13593750000000002
7 0.6195312500000001 0.3671875 0.1203125 0.1375
24 0.8671875 0.33437500000000003 0.10312500000000001 0.109375
6 0.115625 0.6046875 0.109375 0.125
35 0.3796875 0.5710937500000001 0.09062500000000001 0.09843750000000001
24 0.6257812500000001 0.59765625 0.1234375 0.1265625
10 0.8523437500000001 0.6062500000000001 0.1640625 0.1625
29 0.08750000000000001 0.8484375000000001 0.115625 0.11875000000000001
7 0.38125000000000003 0.90546875 0.14375000000000002 0.1390625
