34 0.10078125 0.09765625 0.08281250000000001 0.08281250000000001
4 0.35078125000000004 0.15234375 0.1328125 0.1546875
11 0.6312500000000001 0.13671875 0.18125000000000002 0.18281250000000002
6 0.8953125000000001 0.060937500000000006 0.084375 0.08750000000000001
12 0.109375 0.35859375000000004 0.11875000000000001 0.1203125
2 0.36328125 0.34687500000000004 0.11093750000000001 0.140625
33 0.6062500000000001 0.3828125 0.13125 0.12812500000000002
20 0.86328125 0.38515625000000003 0.1015625 0.1046875
16 0.10703125000000001 0.62421875 0.1078125 0.11406250000000001
20 0.37812500000000004 0.61640625 0.134375 0.1296875
