3 0.1203125 0.1546875 0.12812500000000002 0.13125
7 0.371875 0.10859375 0.15000000000000002 0.1546875
33 0.61640625 0.115625 0.1421875 0.134375
25 0.84765625 0.13203125000000002 0.1046875 0.1046875
23 0.11093750000000001 0.38593750000000004 0.12812500000000002 0.13125
4 0.35390625000000003 0.37109375 0.11406250000000001 0.1203125
2 0.60859375 0.37734375000000003 0.1265625 0.1453125
17 0.86328125 0.39687500000000003 0.0921875 0.125
4 0.10390625 0.5890625 0.0671875 0.09375
27 0.40625 0.62421875 0.209375 0.1703125
6 0.6234375000000001 0.64453125 0.096875 0.1328125
27 0.84765625 0.6296875000000001 0.1453125 0.146875
