14 0.10234375000000001 0.11328125 0.08281250000000001 0.0921875
29 0.37734375000000003 0.12421875 0.13593750000000002 0.13593750000000002
33 0.6296875000000001 0.1234375 0.17500000000000002 0.17500000000000002
31 0.8679687500000001 0.11640625 0.1546875 0.1546875
23 0.11875000000000001 0.3375 0.1125 0.1125
21 0.34687500000000004 0.3765625 0.13125 0.13125
25 0.6039062500000001 0.37578125 0.1265625 0.1265625
19 0.89765625 0.32734375000000004 0.1265625 0.1234375
4 0.1390625 0.58515625 0.11875000000000001 0.1171875
10 0.34765625 0.6101562500000001 0.1046875 0.11093750000000001
7 0.6273437500000001 0.62109375 0.1234375 0.1390625
3 0.88671875 0.6484375 0.1328125 0.134375
11 0.0921875 0.8765625 0.084375 0.08750000000000001
