34 0.11015625000000001 0.12265625000000001 0.1484375 0.1484375
19 0.38593750000000004 0.0765625 0.13125 0.134375
19 0.6335937500000001 0.057031250000000006 0.0890625 0.0859375
35 0.9015625 0.07968750000000001 0.11875000000000001 0.11875000000000001
27 0.12421875 0.3765625 0.1328125 0.146875
21 0.37343750000000003 0.3453125 0.115625 0.125
4 0.5984375000000001 0.3609375 0.05625 0.08125
1 0.86640625 0.4078125 0.11093750000000001 0.12812500000000002
14 0.1203125 0.61640625 0.16562500000000002 0.16718750000000002
4 0.359375 0.59140625 0.1 0.1015625
18 0.6218750000000001 0.5796875 0.08750000000000001 0.07500000000000001
27 0.859375 0.63203125 0.11875000000000001 0.1171875
6 0.08359375000000001 0.8515625 0.07968750000000001 0.1
30 0.39765625000000004 0.89609375 0.1328125 0.1421875
