32 0.1296875 0.13671875 0.153125 0.15156250000000002
33 0.37109375 0.06640625 0.0859375 0.1015625
2 0.6125 0.09531250000000001 0.1125 0.125
29 0.86484375 0.11093750000000001 0.1421875 0.15937500000000002
13 0.11015625000000001 0.375 0.1296875 0.146875
29 0.35859375000000004 0.34218750000000003 0.0890625 0.109375
20 0.6125 0.38593750000000004 0.1625 0.15625
31 0.8765625 0.36328125 0.1625 0.1609375
10 0.1234375 0.59296875 0.125 0.1234375
31 0.34296875000000004 0.5921875 0.1203125 0.12812500000000002
21 0.59609375 0.6046875 0.07968750000000001 0.096875
