1 0.09921875000000001 0.15625 0.13593750000000002 0.140625
23 0.36875 0.12578125 0.140625 0.1390625
3 0.59296875 0.11796875000000001 0.07968750000000001 0.09843750000000001
0 0.8515625 0.13359375 0.115625 0.11093750000000001
24 0.11875000000000001 0.37343750000000003 0.10625000000000001 0.12187500000000001
28 0.36640625000000004 0.34296875000000004 0.0859375 0.11093750000000001
27 0.62265625 0.33984375 0.11093750000000001 0.1046875
3 0.8562500000000001 0.41484375 0.07500000000000001 0.1203125
19 0.12890625 0.58359375 0.0921875 0.0921875
16 0.38515625000000003 0.6234375000000001 0.18281250000000002 0.18125000000000002
35 0.6125 0.6414062500000001 0.15000000000000002 0.15156250000000002
7 0.87421875 0.64609375 0.1328125 0.15156250000000002
5 0.11015625000000001 0.8562500000000001 0.09531250000000001 0.1375
28 0.35703125 0.8921875 0.0671875 0.09375
16 0.6218750000000001 0.8390625 0.11875000000000001 0.12187500000000001
4 0.8226562500000001 0.8734375000000001 0.11406250000000001 0.10625000000000001
