1 0.109375 0.09062500000000001 0.09062500000000001 0.09062500000000001
27 0.3609375 0.15625 0.140625 0.134375
2 0.60078125 0.14296875 0.1015625 0.1203125
20 0.83984375 0.1015625 0.0765625 0.078125
16 0.10546875 0.340625 0.1640625 0.1625
8 0.3765625 0.35703125 0.12187500000000001 0.1296875
27 0.61875 0.3640625 0.109375 0.1125
13 0.85546875 0.36562500000000003 0.1234375 0.125
26 0.11640625 0.6351562500000001 0.1171875 0.1421875
7 0.36875 0.6484375 0.125 0.134375
2 0.6203125 0.634375 0.134375 0.134375
33 0.8539062500000001 0.6265625 0.1234375 0.125
21 0.10234375000000001 0.8656250000000001 0.0859375 0.09375
15 0.37812500000000004 0.884375 0.1625 0.16562500000000002
26 0.6171875 0.853125 0.12187500000000001 0.1375
25 0.853125 0.8515625 0.1 0.10312500000000001
