23 0.1171875 0.1125 0.09062500000000001 0.109375
6 0.36875 0.14375000000000002 0.14375000000000002 0.14375000000000002
2 0.6078125000000001 0.09921875000000001 0.08750000000000001 0.11093750000000001
18 0.8304687500000001 0.08515625 0.0234375 0.0859375
35 0.11796875000000001 0.37812500000000004 0.15781250000000002 0.17500000000000002
25 0.3375 0.3765625 0.10312500000000001 0.10312500000000001
19 0.5945312500000001 0.3796875 0.0703125 0.1125
33 0.8640625000000001 0.37812500000000004 0.15625 0.15937500000000002
18 0.1265625 0.6546875000000001 0.12187500000000001 0.1125
13 0.35703125 0.6000000000000001 0.1046875 0.11875000000000001
28 0.5789062500000001 0.61640625 0.1265625 0.1203125
5 0.8226562500000001 0.5867187500000001 0.0734375 0.0890625
15 0.11953125 0.8367187500000001 0.1015625 0.1078125
13 0.36171875000000003 0.88828125 0.1234375 0.1234375
30 0.6125 0.8421875000000001 0.109375 0.109375
33 0.8609375 0.85859375 0.109375 0.1171875
