16 0.1078125 0.1078125 0.1 0.1
4 0.37890625 0.059375000000000004 0.09531250000000001 0.1
14 0.5921875 0.125 0.07500000000000001 0.1
14 0.85859375 0.12421875 0.1453125 0.1390625
35 0.1078125 0.36250000000000004 0.115625 0.11875000000000001
21 0.36640625000000004 0.33437500000000003 0.0921875 0.125
18 0.609375 0.34296875000000004 0.06875 0.09843750000000001
2 0.87890625 0.32734375000000004 0.11093750000000001 0.11406250000000001
22 0.14140625 0.6140625000000001 0.15156250000000002 0.134375
23 0.36875 0.6156250000000001 0.12812500000000002 0.12812500000000002
31 0.57734375 0.603125 0.1265625 0.12812500000000002
11 0.859375 0.5953125 0.09375 0.115625
31 0.11484375000000001 0.84765625 0.1234375 0.11406250000000001
5 0.36796875 0.89375 0.1234375 0.1375
30 0.6140625000000001 0.8328125000000001 0.08750000000000001 0.1125
6 0.8679687500000001 0.8515625 0.1171875 0.146875
