4 0.11328125 0.0890625 0.09843750000000001 0.109375
11 0.37031250000000004 0.13203125000000002 0.12187500000000001 0.1296875
33 0.6101562500000001 0.11796875000000001 0.1390625 0.1421875
6 0.86328125 0.16015625 0.09843750000000001 0.1453125
10 0.11796875000000001 0.38125000000000003 0.15156250000000002 0.15625
1 0.321875 0.359375 0.09062500000000001 0.09062500000000001
26 0.6156250000000001 0.390625 0.125 0.11875000000000001
13 0.88671875 0.4 0.15156250000000002 0.146875
6 0.08828125 0.61640625 0.0890625 0.1078125
31 0.328125 0.5890625 0.1125 0.109375
21 0.60859375 0.63203125 0.1171875 0.1203125
28 0.8773437500000001 0.6390625000000001 0.13593750000000002 0.14375000000000002
2 0.13828125 0.8265625000000001 0.11093750000000001 0.109375
12 0.36875 0.83984375 0.1 0.11406250000000001
3 0.625 0.84921875 0.153125 0.15156250000000002
