27 0.13828125 0.15781250000000002 0.13593750000000002 0.15625
13 0.353125 0.1203125 0.109375 0.10625000000000001
17 0.6335937500000001 0.09375 0.13593750000000002 0.13125
9 0.86484375 0.09531250000000001 0.0859375 0.1
16 0.15390625000000002 0.328125 0.1328125 0.134375
4 0.36640625000000004 0.34453125 0.1203125 0.1453125
24 0.58984375 0.34375 0.1328125 0.134375
34 0.88984375 0.39140625 0.1796875 0.1796875
1 0.11328125 0.61875 0.1171875 0.115625
5 0.33046875000000003 0.63671875 0.1484375 0.1453125
18 0.61484375 0.6015625 0.09843750000000001 0.096875
1 0.8828125 0.66171875 0.13125 0.13593750000000002
