7 0.1015625 0.096875 0.084375 0.1
19 0.34453125 0.10390625 0.11406250000000001 0.11093750000000001
33 0.6234375000000001 0.09531250000000001 0.12812500000000002 0.12812500000000002
18 0.8265625000000001 0.11953125 0.078125 0.11093750000000001
19 0.13593750000000002 0.33671875 0.1375 0.1390625
27 0.33515625000000004 0.35468750000000004 0.1234375 0.12187500000000001
20 0.6273437500000001 0.37343750000000003 0.13593750000000002 0.12812500000000002
13 0.8679687500000001 0.36953125000000003 0.1328125 0.1296875
33 0.13359375 0.60703125 0.15781250000000002 0.15781250000000002
14 0.35078125000000004 0.6296875000000001 0.0859375 0.1125
6 0.609375 0.60703125 0.15937500000000002 0.1640625
