9 0.0890625 0.1171875 0.09062500000000001 0.09375
20 0.3515625 0.09843750000000001 0.109375 0.115625
10 0.60078125 0.1125 0.1265625 0.12187500000000001
7 0.8609375 0.1203125 0.08750000000000001 0.134375
8 0.11328125 0.37421875000000004 0.1015625 0.1453125
5 0.34218750000000003 0.36171875000000003 0.07187500000000001 0.09531250000000001
21 0.6296875000000001 0.4 0.15000000000000002 0.15625
14 0.8617187500000001 0.38671875 0.11093750000000001 0.1171875
23 0.10546875 0.6484375 0.18281250000000002 0.178125
13 0.38593750000000004 0.5867187500000001 0.1375 0.13593750000000002
23 0.6335937500000001 0.6000000000000001 0.1265625 0.12187500000000001
30 0.8773437500000001 0.6171875 0.1453125 0.125
35 0.134375 0.83984375 0.140625 0.1390625
