23 0.12109375 0.13828125 0.1234375 0.13593750000000002
3 0.38203125000000004 0.08203125 0.1328125 0.1328125
13 0.62421875 0.10546875 0.1453125 0.15156250000000002
4 0.87421875 0.14609375 0.11093750000000001 0.1078125
29 0.10859375 0.38125000000000003 0.1328125 0.1375
3 0.36640625000000004 0.33984375 0.11406250000000001 0.1171875
16 0.5875 0.3453125 0.146875 0.146875
20 0.875 0.31562500000000004 0.096875 0.096875
35 0.08203125 0.62265625 0.1171875 0.11093750000000001
28 0.39140625 0.6414062500000001 0.1546875 0.1546875
