14 0.13046875 0.1390625 0.1765625 0.178125
16 0.3765625 0.14140625 0.140625 0.1453125
8 0.596875 0.140625 0.14375000000000002 0.1625
31 0.85859375 0.07578125000000001 0.09531250000000001 0.0890625
20 0.12578125 0.353125 0.13593750000000002 0.15625
6 0.36875 0.35390625000000003 0.08750000000000001 0.1296875
0 0.6257812500000001 0.36250000000000004 0.1234375 0.153125
27 0.884375 0.37890625 0.146875 0.1484375
14 0.11093750000000001 0.60546875 0.10625000000000001 0.1015625
15 0.33984375 0.60859375 0.11406250000000001 0.1203125
13 0.6484375 0.6585937500000001 0.15000000000000002 0.1453125
6 0.88984375 0.58046875 0.1203125 0.1234375
6 0.10703125000000001 0.8890625000000001 0.11093750000000001 0.12812500000000002
