23 0.1296875 0.1078125 0.140625 0.15937500000000002
18 0.36250000000000004 0.1171875 0.10625000000000001 0.125
33 0.59765625 0.12421875 0.11093750000000001 0.11093750000000001
0 0.8765625 0.08281250000000001 0.125 0.1375
21 0.1 0.38359375 0.065625 0.1265625
32 0.34296875000000004 0.33515625000000004 0.1078125 0.1046875
0 0.6156250000000001 0.35625 0.10625000000000001 0.115625
8 0.86328125 0.37812500000000004 0.1390625 0.14375000000000002
28 0.11328125 0.62421875 0.11406250000000001 0.1296875
14 0.36953125000000003 0.59296875 0.1453125 0.15156250000000002
27 0.628125 0.6453125000000001 0.134375 0.134375
