11 0.06484375 0.09921875000000001 0.0921875 0.0921875
0 0.359375 0.15234375 0.11875000000000001 0.1421875
16 0.61328125 0.13203125000000002 0.1328125 0.1328125
33 0.87265625 0.07500000000000001 0.0890625 0.096875
16 0.11484375000000001 0.384375 0.1046875 0.1125
21 0.36250000000000004 0.3328125 0.096875 0.1
7 0.63828125 0.35859375000000004 0.13593750000000002 0.1328125
1 0.84140625 0.38906250000000003 0.1078125 0.14375000000000002
18 0.10859375 0.6140625000000001 0.13593750000000002 0.1375
27 0.37578125 0.60546875 0.13593750000000002 0.13593750000000002
27 0.609375 0.6171875 0.15625 0.15625
33 0.87265625 0.6335937500000001 0.1296875 0.1203125
28 0.10859375 0.87421875 0.1328125 0.15156250000000002
15 0.36171875000000003 0.8625 0.0921875 0.11875000000000001
