23 0.11328125 0.12265625000000001 0.1328125 0.1328125
33 0.36875 0.11796875000000001 0.15000000000000002 0.15156250000000002
18 0.6125 0.09296875 0.1125 0.1171875
17 0.8757812500000001 0.07500000000000001 0.1078125 0.109375
21 0.10546875 0.36796875 0.08281250000000001 0.1171875
14 0.36875 0.35000000000000003 0.178125 0.178125
4 0.6023437500000001 0.35781250000000003 0.07968750000000001 0.09375
26 0.8640625000000001 0.371875 0.15625 0.15937500000000002
11 0.11796875000000001 0.6257812500000001 0.1609375 0.1640625
31 0.34375 0.58828125 0.08750000000000001 0.08281250000000001
4 0.6046875 0.58359375 0.084375 0.1015625
32 0.86640625 0.6171875 0.1546875 0.15625
29 0.12421875 0.8304687500000001 0.1015625 0.1078125
2 0.33984375 0.878125 0.09531250000000001 0.09062500000000001
2 0.5875 0.8609375 0.084375 0.096875
