25 0.11328125 0.11015625000000001 0.15781250000000002 0.1640625
34 0.40156250000000004 0.12734375 0.153125 0.1640625
35 0.58046875 0.12421875 0.1078125 0.1046875
29 0.853125 0.11328125 0.15937500000000002 0.1609375
20 0.13671875 0.325 0.1046875 0.10312500000000001
25 0.36562500000000003 0.37812500000000004 0.12812500000000002 0.12812500000000002
34 0.6023437500000001 0.3828125 0.0859375 0.08750000000000001
8 0.8695312500000001 0.37031250000000004 0.1296875 0.134375
33 0.115625 0.6125 0.178125 0.184375
16 0.36562500000000003 0.6296875000000001 0.13125 0.13125
11 0.61640625 0.6429687500000001 0.1171875 0.1203125
27 0.8812500000000001 0.6257812500000001 0.14375000000000002 0.1609375
