27 0.12265625000000001 0.115625 0.1609375 0.15937500000000002
27 0.359375 0.11796875000000001 0.12812500000000002 0.1234375
6 0.60859375 0.11875000000000001 0.1046875 0.14375000000000002
16 0.9 0.09375 0.15625 0.15937500000000002
31 0.12734375 0.35546875 0.1640625 0.1609375
27 0.36796875 0.36875 0.1453125 0.146875
14 0.6195312500000001 0.375 0.1453125 0.140625
7 0.8382812500000001 0.3484375 0.08281250000000001 0.10312500000000001
8 0.13125 0.58359375 0.134375 0.1390625
16 0.36015625 0.6117187500000001 0.11406250000000001 0.1171875
15 0.609375 0.5828125000000001 0.09062500000000001 0.09375
24 0.8562500000000001 0.6078125000000001 0.125 0.11875000000000001
15 0.13828125 0.8578125000000001 0.15781250000000002 0.15937500000000002
6 0.3453125 0.859375 0.096875 0.10312500000000001
24 0.6109375 0.83984375 0.09062500000000001 0.09531250000000001
