13 0.1375 0.12265625000000001 0.16875 0.17343750000000002
3 0.40625 0.14453125 0.171875 0.1640625
35 0.634375 0.14140625 0.13125 0.1296875
23 0.878125 0.12890625 0.15937500000000002 0.1609375
1 0.0921875 0.38828125 0.08750000000000001 0.1328125
24 0.36562500000000003 0.37343750000000003 0.1375 0.1375
23 0.6203125 0.390625 0.13125 0.13125
0 0.8703125 0.37812500000000004 0.1375 0.15937500000000002
31 0.11406250000000001 0.62890625 0.134375 0.1328125
15 0.38671875 0.5796875 0.11406250000000001 0.1125
12 0.6179687500000001 0.6468750000000001 0.18281250000000002 0.18125000000000002
4 0.875 0.59296875 0.115625 0.11093750000000001
22 0.1421875 0.9007812500000001 0.14375000000000002 0.1390625
2 0.36171875000000003 0.8640625000000001 0.11406250000000001 0.13125
28 0.6273437500000001 0.9046875000000001 0.11093750000000001 0.11875000000000001
