35 0.11484375000000001 0.08281250000000001 0.1078125 0.1125
14 0.371875 0.07968750000000001 0.10312500000000001 0.109375
34 0.584375 0.09062500000000001 0.115625 0.11875000000000001
17 0.8421875000000001 0.07968750000000001 0.10625000000000001 0.11875000000000001
2 0.1265625 0.32734375000000004 0.09375 0.0921875
21 0.38593750000000004 0.39453125 0.153125 0.1640625
34 0.6179687500000001 0.39765625000000004 0.1203125 0.1328125
1 0.890625 0.33359375 0.09375 0.0921875
6 0.11796875000000001 0.6492187500000001 0.1328125 0.1546875
17 0.37031250000000004 0.60703125 0.12187500000000001 0.1328125
