6 0.11171875 0.13593750000000002 0.1078125 0.1125
8 0.36562500000000003 0.09609375 0.125 0.1203125
1 0.6062500000000001 0.109375 0.10625000000000001 0.12812500000000002
9 0.87109375 0.08046875 0.0890625 0.1046875
25 0.11640625 0.340625 0.09843750000000001 0.10625000000000001
13 0.37890625 0.39765625000000004 0.1390625 0.1328125
5 0.6046875 0.35000000000000003 0.09062500000000001 0.12187500000000001
4 0.8640625000000001 0.3921875 0.109375 0.125
17 0.1015625 0.5984375000000001 0.06875 0.096875
6 0.36953125000000003 0.6484375 0.1296875 0.12187500000000001
27 0.61640625 0.6414062500000001 0.1296875 0.1265625
24 0.86640625 0.6468750000000001 0.15156250000000002 0.15625
12 0.11953125 0.8953125000000001 0.13593750000000002 0.146875
10 0.36328125 0.8617187500000001 0.1328125 0.1296875
