34 0.15156250000000002 0.11328125 0.16875 0.1765625
14 0.39453125 0.09453125000000001 0.1328125 0.1328125
7 0.6125 0.08828125 0.07500000000000001 0.0921875
29 0.8796875000000001 0.12734375 0.15937500000000002 0.15781250000000002
32 0.14296875 0.35625 0.1390625 0.115625
2 0.34140625 0.36484375 0.1453125 0.1421875
11 0.6046875 0.3828125 0.115625 0.115625
4 0.846875 0.384375 0.1125 0.115625
10 0.08515625 0.6062500000000001 0.1046875 0.10312500000000001
8 0.359375 0.6257812500000001 0.096875 0.1171875
25 0.6109375 0.6234375000000001 0.15625 0.15625
