22 0.1296875 0.1390625 0.17500000000000002 0.17500000000000002
3 0.38046875 0.14375000000000002 0.1390625 0.1375
2 0.60546875 0.115625 0.0921875 0.125
2 0.8453125 0.13046875 0.10625000000000001 0.1265625
32 0.14375000000000002 0.35078125000000004 0.171875 0.1765625
27 0.38984375000000004 0.36484375 0.15781250000000002 0.1546875
32 0.6273437500000001 0.353125 0.18281250000000002 0.18125000000000002
0 0.8609375 0.33906250000000004 0.1 0.12187500000000001
2 0.10546875 0.6453125000000001 0.1015625 0.1
16 0.37578125 0.6140625000000001 0.1921875 0.19375
