14 0.11875000000000001 0.096875 0.11875000000000001 0.115625
12 0.37031250000000004 0.146875 0.12187500000000001 0.11875000000000001
29 0.62265625 0.14765625000000002 0.1328125 0.1390625
23 0.87421875 0.06171875 0.1046875 0.1015625
9 0.10312500000000001 0.36015625 0.07187500000000001 0.0921875
14 0.3640625 0.34687500000000004 0.10312500000000001 0.10312500000000001
29 0.6062500000000001 0.41171875 0.096875 0.13593750000000002
23 0.86484375 0.36796875 0.11406250000000001 0.11093750000000001
16 0.1078125 0.63671875 0.153125 0.15156250000000002
3 0.353125 0.61484375 0.1375 0.1421875
5 0.6156250000000001 0.6328125 0.1375 0.153125
