14 0.11406250000000001 0.12890625 0.10312500000000001 0.1296875
9 0.325 0.08671875000000001 0.1 0.1078125
11 0.6125 0.13515625 0.1125 0.1171875
34 0.8343750000000001 0.08984375 0.109375 0.11406250000000001
21 0.1265625 0.3796875 0.15937500000000002 0.15000000000000002
17 0.40937500000000004 0.34609375000000003 0.1375 0.1453125
0 0.6117187500000001 0.34296875000000004 0.1046875 0.1234375
33 0.8546875 0.35625 0.13125 0.12812500000000002
11 0.09609375 0.6046875 0.1296875 0.13125
2 0.35703125 0.5953125 0.0859375 0.125
10 0.60859375 0.6296875000000001 0.1328125 0.13125
24 0.8851562500000001 0.6507812500000001 0.1265625 0.1296875
13 0.11093750000000001 0.86328125 0.096875 0.09843750000000001
