25 0.1328125 0.1203125 0.16562500000000002 0.171875
23 0.40859375000000003 0.140625 0.18281250000000002 0.18125000000000002
2 0.59921875 0.08203125 0.0671875 0.09531250000000001
35 0.8500000000000001 0.12812500000000002 0.10625000000000001 0.10625000000000001
23 0.125 0.34609375000000003 0.1125 0.1078125
8 0.38359375 0.36796875 0.17343750000000002 0.1703125
35 0.6296875000000001 0.3796875 0.16562500000000002 0.16562500000000002
11 0.8515625 0.35703125 0.08125 0.0765625
33 0.11484375000000001 0.6101562500000001 0.1265625 0.1265625
1 0.33437500000000003 0.62421875 0.125 0.11406250000000001
17 0.62109375 0.59296875 0.1171875 0.0921875
19 0.84765625 0.628125 0.1453125 0.1625
