0 0.1265625 0.08671875000000001 0.125 0.1265625
32 0.37265625 0.12734375 0.13593750000000002 0.1328125
7 0.6078125000000001 0.08046875 0.1 0.11406250000000001
19 0.8304687500000001 0.09375 0.09531250000000001 0.096875
21 0.13671875 0.32734375000000004 0.1171875 0.1171875
9 0.35078125000000004 0.37343750000000003 0.1015625 0.10312500000000001
6 0.6335937500000001 0.3359375 0.11093750000000001 0.1125
20 0.87265625 0.3453125 0.1171875 0.10625000000000001
5 0.10859375 0.6156250000000001 0.0890625 0.1
1 0.33359375 0.6218750000000001 0.11093750000000001 0.109375
3 0.5921875 0.6234375000000001 0.09062500000000001 0.109375
11 0.82734375 0.584375 0.1078125 0.115625
