23 0.12265625000000001 0.15078125 0.1484375 0.1484375
9 0.32578125 0.09062500000000001 0.0578125 0.084375
8 0.60546875 0.14296875 0.17343750000000002 0.1703125
3 0.8562500000000001 0.0765625 0.08750000000000001 0.10625000000000001
6 0.10625000000000001 0.32890625 0.084375 0.11093750000000001
6 0.36328125 0.39140625 0.09531250000000001 0.1421875
14 0.6328125 0.3796875 0.15625 0.15937500000000002
16 0.87890625 0.4109375 0.1296875 0.153125
2 0.11328125 0.5906250000000001 0.1078125 0.13125
1 0.34921875 0.63203125 0.0671875 0.1234375
11 0.56484375 0.6023437500000001 0.09531250000000001 0.09531250000000001
12 0.8578125000000001 0.571875 0.08750000000000001 0.08750000000000001
30 0.14296875 0.84765625 0.1421875 0.1484375
27 0.35703125 0.875 0.1203125 0.15000000000000002
