29 0.11640625 0.10234375000000001 0.1234375 0.1390625
23 0.35859375000000004 0.10546875 0.1546875 0.15156250000000002
6 0.60859375 0.11406250000000001 0.1046875 0.1125
1 0.8546875 0.134375 0.115625 0.14375000000000002
0 0.10312500000000001 0.36953125000000003 0.125 0.1296875
3 0.37578125 0.34921875 0.1328125 0.1421875
33 0.6414062500000001 0.35625 0.1609375 0.15937500000000002
17 0.8718750000000001 0.4078125 0.109375 0.12812500000000002
16 0.09375 0.58828125 0.12812500000000002 0.1296875
19 0.35390625000000003 0.65625 0.1078125 0.10312500000000001
2 0.6039062500000001 0.609375 0.1234375 0.12812500000000002
35 0.8812500000000001 0.57421875 0.12812500000000002 0.1296875
