1 0.08671875000000001 0.13359375 0.11093750000000001 0.1328125
23 0.36796875 0.09765625 0.1265625 0.1234375
9 0.6101562500000001 0.13828125 0.11406250000000001 0.1296875
9 0.89609375 0.0703125 0.09531250000000001 0.09375
10 0.12421875 0.32265625000000003 0.11093750000000001 0.1078125
34 0.36796875 0.35859375000000004 0.1765625 0.1765625
23 0.6015625 0.36875 0.109375 0.109375
2 0.8539062500000001 0.35546875 0.1015625 0.1015625
8 0.09453125000000001 0.62265625 0.1015625 0.1171875
3 0.35000000000000003 0.6125 0.059375000000000004 0.096875
11 0.61328125 0.584375 0.1015625 0.10312500000000001
12 0.87265625 0.62890625 0.1609375 0.1640625
11 0.11640625 0.83203125 0.1078125 0.1046875
