23 0.1078125 0.11796875000000001 0.134375 0.13593750000000002
33 0.37890625 0.08828125 0.1265625 0.1265625
32 0.61328125 0.084375 0.0921875 0.084375
18 0.8359375 0.10625000000000001 0.115625 0.1
16 0.16328125000000002 0.34453125 0.1484375 0.1453125
11 0.4 0.33125000000000004 0.11875000000000001 0.11875000000000001
8 0.58515625 0.37343750000000003 0.09531250000000001 0.1
17 0.87421875 0.36328125 0.1484375 0.1484375
21 0.1 0.6023437500000001 0.1375 0.15156250000000002
19 0.340625 0.6101562500000001 0.096875 0.1078125
10 0.6257812500000001 0.5875 0.1015625 0.10312500000000001
21 0.8578125000000001 0.6507812500000001 0.08125 0.1296875
