20 0.13671875 0.12421875 0.16718750000000002 0.16718750000000002
22 0.390625 0.12187500000000001 0.15937500000000002 0.140625
33 0.62421875 0.10625000000000001 0.1390625 0.140625
25 0.8609375 0.0890625 0.096875 0.09375
27 0.10546875 0.32890625 0.1296875 0.1046875
9 0.38203125000000004 0.35625 0.1296875 0.134375
24 0.60703125 0.38593750000000004 0.1484375 0.153125
5 0.85078125 0.38125000000000003 0.13593750000000002 0.134375
25 0.1015625 0.58203125 0.10312500000000001 0.1015625
33 0.36875 0.6156250000000001 0.14375000000000002 0.14375000000000002
33 0.6000000000000001 0.609375 0.109375 0.12812500000000002
2 0.8609375 0.63671875 0.096875 0.1390625
