7 0.109375 0.15156250000000002 0.084375 0.11875000000000001
17 0.38593750000000004 0.10234375000000001 0.13125 0.1328125
27 0.6078125000000001 0.11796875000000001 0.08125 0.09531250000000001
4 0.8703125 0.09140625000000001 0.12812500000000002 0.1453125
13 0.10390625 0.384375 0.11093750000000001 0.1125
31 0.4 0.35390625000000003 0.1375 0.1484375
24 0.6312500000000001 0.40234375 0.146875 0.15781250000000002
3 0.8578125000000001 0.37265625 0.084375 0.1265625
11 0.109375 0.6117187500000001 0.125 0.1265625
6 0.35703125 0.596875 0.1421875 0.15625
12 0.6171875 0.5984375000000001 0.134375 0.1375
16 0.8734375000000001 0.63984375 0.16562500000000002 0.16718750000000002
17 0.11093750000000001 0.8640625000000001 0.1375 0.13125
31 0.3640625 0.87421875 0.15000000000000002 0.15781250000000002
