27 0.140625 0.15156250000000002 0.209375 0.178125
23 0.36562500000000003 0.13125 0.1125 0.096875
17 0.6421875 0.15078125 0.146875 0.1484375
11 0.8640625000000001 0.12890625 0.15000000000000002 0.1546875
4 0.08125 0.35703125 0.13125 0.1328125
8 0.3609375 0.39687500000000003 0.10312500000000001 0.146875
23 0.6257812500000001 0.38125000000000003 0.15156250000000002 0.15000000000000002
23 0.8515625 0.36484375 0.12812500000000002 0.1296875
23 0.1203125 0.61640625 0.10312500000000001 0.1046875
31 0.36015625 0.6359375 0.16718750000000002 0.17500000000000002
17 0.61484375 0.565625 0.07968750000000001 0.084375
29 0.8460937500000001 0.60078125 0.0671875 0.07968750000000001
3 0.09765625 0.84296875 0.0765625 0.11093750000000001
30 0.37734375000000003 0.878125 0.18281250000000002 0.178125
34 0.62265625 0.8500000000000001 0.11406250000000001 0.115625
1 0.8500000000000001 0.878125 0.07500000000000001 0.109375
