2 0.1046875 0.125 0.09062500000000001 0.1125
30 0.37031250000000004 0.1 0.12812500000000002 0.13125
25 0.63046875 0.096875 0.1484375 0.15000000000000002
18 0.8406250000000001 0.12265625000000001 0.10625000000000001 0.1015625
23 0.109375 0.37734375000000003 0.1375 0.13593750000000002
35 0.37578125 0.3875 0.1609375 0.16562500000000002
23 0.6125 0.38359375 0.1 0.1296875
25 0.87890625 0.33046875000000003 0.1171875 0.1234375
6 0.10078125 0.60546875 0.1203125 0.1203125
8 0.34140625 0.61328125 0.1046875 0.1234375
2 0.5789062500000001 0.59609375 0.1015625 0.11406250000000001
