17 0.11171875 0.11328125 0.1421875 0.13593750000000002
2 0.3515625 0.10625000000000001 0.12812500000000002 0.140625
20 0.6421875 0.13671875 0.16562500000000002 0.1234375
19 0.8617187500000001 0.12187500000000001 0.09531250000000001 0.096875
8 0.15234375 0.325 0.1015625 0.1
23 0.39375000000000004 0.40234375 0.21875 0.18281250000000002
23 0.6062500000000001 0.37812500000000004 0.12812500000000002 0.12812500000000002
17 0.86328125 0.384375 0.1078125 0.1
24 0.0890625 0.5921875 0.12812500000000002 0.13125
11 0.39453125 0.58046875 0.13593750000000002 0.1390625
15 0.60546875 0.6156250000000001 0.1171875 0.115625
13 0.8718750000000001 0.5906250000000001 0.11875000000000001 0.1125
22 0.12890625 0.87265625 0.1421875 0.11093750000000001
1 0.36171875000000003 0.8875000000000001 0.1171875 0.146875
9 0.6265625 0.9 0.140625 0.15000000000000002
