3 0.096875 0.1015625 0.125 0.134375
9 0.36250000000000004 0.13359375 0.1375 0.1421875
17 0.6156250000000001 0.096875 0.10312500000000001 0.109375
10 0.853125 0.1234375 0.1375 0.1375
31 0.10078125 0.34921875 0.09531250000000001 0.1265625
4 0.353125 0.38984375000000004 0.09062500000000001 0.1234375
25 0.6125 0.3640625 0.178125 0.178125
23 0.853125 0.35468750000000004 0.134375 0.12812500000000002
3 0.1125 0.58984375 0.10625000000000001 0.1078125
1 0.35078125000000004 0.61328125 0.0671875 0.11406250000000001
3 0.6015625 0.6195312500000001 0.12812500000000002 0.1296875
4 0.8171875000000001 0.6062500000000001 0.10625000000000001 0.10625000000000001
1 0.12578125 0.86640625 0.1078125 0.1421875
22 0.36953125000000003 0.8406250000000001 0.1265625 0.12187500000000001
16 0.61328125 0.87890625 0.11093750000000001 0.1171875
