17 0.115625 0.11171875 0.09375 0.1046875
12 0.38203125000000004 0.1015625 0.15781250000000002 0.16875
33 0.64609375 0.07890625000000001 0.1265625 0.1265625
7 0.8382812500000001 0.11796875000000001 0.11406250000000001 0.1015625
11 0.09375 0.33515625000000004 0.1 0.1046875
10 0.36562500000000003 0.36953125000000003 0.15000000000000002 0.15156250000000002
14 0.634375 0.39921875 0.153125 0.15156250000000002
16 0.8500000000000001 0.3671875 0.115625 0.115625
17 0.1265625 0.6359375 0.171875 0.17500000000000002
21 0.35390625000000003 0.60546875 0.0921875 0.09843750000000001
17 0.6156250000000001 0.5984375000000001 0.115625 0.11875000000000001
35 0.8734375000000001 0.60546875 0.12812500000000002 0.1265625
22 0.15390625000000002 0.8367187500000001 0.1421875 0.1390625
8 0.375 0.87109375 0.171875 0.1796875
