4 0.0859375 0.1375 0.1625 0.15625
11 0.3875 0.11484375000000001 0.146875 0.1265625
18 0.62421875 0.12265625000000001 0.1546875 0.1546875
27 0.8679687500000001 0.13046875 0.16718750000000002 0.1609375
6 0.12734375 0.37343750000000003 0.1703125 0.171875
5 0.36015625 0.38515625000000003 0.0765625 0.1078125
0 0.6109375 0.3875 0.08750000000000001 0.109375
21 0.83359375 0.36015625 0.09843750000000001 0.09843750000000001
13 0.12265625000000001 0.6257812500000001 0.1609375 0.15781250000000002
0 0.3828125 0.59765625 0.140625 0.1546875
10 0.6117187500000001 0.6273437500000001 0.1234375 0.1203125
35 0.87265625 0.6195312500000001 0.15781250000000002 0.15781250000000002
33 0.08750000000000001 0.8460937500000001 0.11875000000000001 0.1234375
