15 0.12109375 0.1203125 0.1484375 0.1625
8 0.325 0.1046875 0.125 0.12187500000000001
27 0.61875 0.11484375000000001 0.153125 0.1546875
21 0.8601562500000001 0.08359375000000001 0.0859375 0.1078125
4 0.12890625 0.39140625 0.1421875 0.1328125
18 0.36562500000000003 0.39687500000000003 0.08750000000000001 0.109375
19 0.63671875 0.4 0.15156250000000002 0.171875
14 0.8562500000000001 0.38984375000000004 0.08750000000000001 0.1234375
4 0.1265625 0.578125 0.10312500000000001 0.1125
31 0.3921875 0.59765625 0.14375000000000002 0.1453125
23 0.6257812500000001 0.57421875 0.1046875 0.1046875
33 0.859375 0.625 0.125 0.134375
12 0.109375 0.82421875 0.084375 0.09843750000000001
