0 0.10703125000000001 0.1328125 0.0859375 0.10625000000000001
9 0.35703125 0.125 0.1265625 0.14375000000000002
12 0.5828125000000001 0.07500000000000001 0.078125 0.084375
34 0.8578125000000001 0.13671875 0.1125 0.11406250000000001
20 0.125 0.38984375000000004 0.14375000000000002 0.13593750000000002
13 0.3828125 0.38203125000000004 0.1375 0.1453125
4 0.60703125 0.37812500000000004 0.11406250000000001 0.12187500000000001
18 0.8421875000000001 0.32656250000000003 0.0625 0.08125
20 0.1203125 0.628125 0.15625 0.15625
2 0.38203125000000004 0.6390625000000001 0.15156250000000002 0.15937500000000002
