12 0.13359375 0.1125 0.1796875 0.178125
27 0.33203125 0.1375 0.1484375 0.1375
23 0.628125 0.11640625 0.15625 0.1546875
1 0.8500000000000001 0.14140625 0.1 0.1015625
5 0.10859375 0.36250000000000004 0.1640625 0.17500000000000002
20 0.38906250000000003 0.34765625 0.14375000000000002 0.1421875
14 0.6046875 0.36328125 0.08750000000000001 0.09843750000000001
16 0.85859375 0.38671875 0.11093750000000001 0.11406250000000001
8 0.134375 0.58125 0.109375 0.1125
2 0.35781250000000003 0.625 0.13125 0.13125
28 0.6171875 0.5984375000000001 0.09375 0.11875000000000001
1 0.8828125 0.64375 0.109375 0.115625
22 0.1171875 0.8734375000000001 0.140625 0.140625
8 0.3375 0.8625 0.06875 0.09062500000000001
