26 0.11015625000000001 0.12578125 0.1265625 0.1421875
14 0.35546875 0.10078125 0.1078125 0.11406250000000001
34 0.62890625 0.09843750000000001 0.1609375 0.1625
35 0.83203125 0.08984375 0.1046875 0.1046875
14 0.11796875000000001 0.3984375 0.1234375 0.146875
34 0.39296875000000003 0.38359375 0.1203125 0.1328125
34 0.6273437500000001 0.3921875 0.1390625 0.14375000000000002
34 0.85546875 0.38671875 0.1015625 0.1015625
25 0.1 0.6062500000000001 0.078125 0.08750000000000001
27 0.359375 0.6218750000000001 0.115625 0.1125
