10 0.12734375 0.11875000000000001 0.1421875 0.15000000000000002
29 0.390625 0.14375000000000002 0.171875 0.16875
13 0.6195312500000001 0.140625 0.1234375 0.153125
33 0.878125 0.109375 0.140625 0.134375
29 0.09609375 0.32343750000000004 0.0765625 0.09062500000000001
2 0.38046875 0.36562500000000003 0.17343750000000002 0.16875
5 0.6156250000000001 0.3328125 0.1 0.10312500000000001
25 0.86640625 0.32734375000000004 0.0921875 0.09843750000000001
14 0.125 0.61328125 0.1125 0.1234375
2 0.35781250000000003 0.61328125 0.12812500000000002 0.1296875
18 0.62265625 0.6531250000000001 0.1296875 0.13125
5 0.8968750000000001 0.5703125 0.09375 0.09062500000000001
