32 0.1328125 0.1046875 0.140625 0.125
7 0.37031250000000004 0.10859375 0.096875 0.09843750000000001
9 0.56875 0.10625000000000001 0.096875 0.09375
15 0.8671875 0.146875 0.115625 0.125
17 0.10546875 0.3828125 0.1453125 0.14375000000000002
10 0.35390625000000003 0.34296875000000004 0.1203125 0.11093750000000001
34 0.60859375 0.36796875 0.1546875 0.1546875
13 0.8601562500000001 0.34609375000000003 0.1046875 0.1046875
2 0.11796875000000001 0.58359375 0.0890625 0.0890625
21 0.38203125000000004 0.571875 0.1078125 0.109375
