13 0.07109375 0.09609375 0.1265625 0.1234375
23 0.36015625 0.1265625 0.15156250000000002 0.15000000000000002
4 0.6039062500000001 0.125 0.1171875 0.1375
18 0.84296875 0.060937500000000006 0.035937500000000004 0.08125
11 0.1125 0.33046875000000003 0.09375 0.0890625
8 0.38593750000000004 0.39921875 0.146875 0.13593750000000002
1 0.6156250000000001 0.31562500000000004 0.08125 0.10312500000000001
7 0.87265625 0.38671875 0.1265625 0.1421875
14 0.09765625 0.6125 0.09843750000000001 0.09375
21 0.36562500000000003 0.640625 0.09375 0.140625
23 0.6351562500000001 0.58125 0.11093750000000001 0.1125
23 0.8718750000000001 0.6273437500000001 0.17500000000000002 0.17343750000000002
32 0.11171875 0.8734375000000001 0.11093750000000001 0.10625000000000001
