13 0.14140625 0.07578125000000001 0.09843750000000001 0.09843750000000001
20 0.34765625 0.11093750000000001 0.09531250000000001 0.09375
27 0.65390625 0.07421875 0.1203125 0.1203125
28 0.8718750000000001 0.09140625000000001 0.115625 0.1296875
28 0.1203125 0.35703125 0.184375 0.1796875
3 0.36562500000000003 0.3765625 0.1125 0.1375
0 0.60703125 0.38515625000000003 0.1171875 0.1265625
3 0.8359375 0.35390625000000003 0.11875000000000001 0.1203125
3 0.1015625 0.6195312500000001 0.10312500000000001 0.11406250000000001
8 0.34921875 0.6468750000000001 0.0765625 0.109375
31 0.62265625 0.5710937500000001 0.09531250000000001 0.1078125
28 0.8765625 0.60546875 0.13125 0.13593750000000002
6 0.09843750000000001 0.853125 0.13125 0.13125
24 0.34687500000000004 0.8718750000000001 0.084375 0.08750000000000001
21 0.6234375000000001 0.909375 0.10625000000000001 0.14375000000000002
26 0.8992187500000001 0.87890625 0.1640625 0.17343750000000002
