16 0.11953125 0.11171875 0.1765625 0.18906250000000002
14 0.375 0.09531250000000001 0.125 0.13125
17 0.62890625 0.09140625000000001 0.1390625 0.1328125
10 0.8328125000000001 0.10703125000000001 0.11875000000000001 0.1203125
1 0.08281250000000001 0.3515625 0.07187500000000001 0.10625000000000001
13 0.35625 0.3515625 0.096875 0.096875
24 0.6062500000000001 0.3765625 0.10312500000000001 0.1125
11 0.8757812500000001 0.37812500000000004 0.1265625 0.109375
19 0.09921875000000001 0.61640625 0.0890625 0.11093750000000001
10 0.37890625 0.6421875 0.15156250000000002 0.153125
10 0.5867187500000001 0.60703125 0.1046875 0.1015625
16 0.8671875 0.6390625000000001 0.096875 0.1125
11 0.10390625 0.8765625 0.1171875 0.11875000000000001
