19 0.1015625 0.08984375 0.1 0.0890625
33 0.39296875000000003 0.0890625 0.1546875 0.153125
30 0.61484375 0.10078125 0.1703125 0.16718750000000002
32 0.85859375 0.11796875000000001 0.0921875 0.0859375
0 0.11171875 0.3640625 0.1078125 0.12187500000000001
12 0.35703125 0.36796875 0.1078125 0.11406250000000001
8 0.609375 0.38125000000000003 0.15625 0.15625
20 0.8601562500000001 0.353125 0.1046875 0.10312500000000001
5 0.11484375000000001 0.5859375 0.09843750000000001 0.1125
14 0.3828125 0.5796875 0.11875000000000001 0.11875000000000001
