30 0.11171875 0.1 0.1546875 0.15625
10 0.353125 0.11875000000000001 0.125 0.140625
30 0.6218750000000001 0.12734375 0.16875 0.1640625
17 0.890625 0.09921875000000001 0.15937500000000002 0.15781250000000002
2 0.09609375 0.38203125000000004 0.1609375 0.15781250000000002
10 0.37890625 0.375 0.1703125 0.16875
8 0.58203125 0.35390625000000003 0.07968750000000001 0.09843750000000001
20 0.8734375000000001 0.359375 0.1375 0.1375
11 0.109375 0.62265625 0.1125 0.11093750000000001
6 0.37265625 0.58203125 0.1015625 0.09843750000000001
