17 0.13359375 0.115625 0.1453125 0.140625
7 0.35390625000000003 0.11875000000000001 0.1046875 0.12812500000000002
15 0.6023437500000001 0.1015625 0.11406250000000001 0.11875000000000001
4 0.85078125 0.115625 0.0890625 0.1
10 0.1125 0.38515625000000003 0.1125 0.11093750000000001
13 0.3640625 0.36640625000000004 0.11875000000000001 0.1171875
11 0.61640625 0.42031250000000003 0.0890625 0.140625
11 0.8523437500000001 0.36953125000000003 0.1265625 0.1421875
1 0.11875000000000001 0.58984375 0.096875 0.1078125
14 0.37031250000000004 0.6359375 0.14375000000000002 0.14375000000000002
8 0.6156250000000001 0.63828125 0.1125 0.1328125
