12 0.1 0.1234375 0.10312500000000001 0.115625
27 0.371875 0.09609375 0.1125 0.11406250000000001
4 0.60703125 0.1171875 0.1453125 0.15000000000000002
29 0.8656250000000001 0.10390625 0.1125 0.11406250000000001
6 0.09375 0.37734375000000003 0.109375 0.1046875
10 0.34609375000000003 0.36328125 0.11093750000000001 0.11406250000000001
16 0.59140625 0.32656250000000003 0.0546875 0.08750000000000001
8 0.853125 0.39453125 0.10312500000000001 0.1171875
18 0.1 0.5984375000000001 0.084375 0.10312500000000001
13 0.353125 0.58359375 0.06875 0.0921875
18 0.6218750000000001 0.5796875 0.1125 0.10625000000000001
