3 0.11015625000000001 0.09765625 0.1203125 0.1421875
4 0.35390625000000003 0.0921875 0.0921875 0.11875000000000001
10 0.6015625 0.07500000000000001 0.10312500000000001 0.09375
27 0.86484375 0.1 0.1171875 0.115625
18 0.11875000000000001 0.40156250000000004 0.134375 0.13125
4 0.33437500000000003 0.35234375 0.09062500000000001 0.09531250000000001
21 0.6117187500000001 0.39296875000000003 0.09843750000000001 0.1234375
1 0.87421875 0.32656250000000003 0.09843750000000001 0.10312500000000001
14 0.12578125 0.6218750000000001 0.16718750000000002 0.171875
31 0.37812500000000004 0.5906250000000001 0.12812500000000002 0.12812500000000002
35 0.61875 0.6375000000000001 0.1125 0.109375
1 0.8796875000000001 0.5734375 0.09375 0.096875
33 0.11640625 0.87265625 0.07968750000000001 0.1296875
28 0.35000000000000003 0.859375 0.0625 0.08125
