27 0.1390625 0.10546875 0.146875 0.1546875
33 0.3671875 0.07890625000000001 0.09062500000000001 0.0921875
11 0.6015625 0.11171875 0.10625000000000001 0.1046875
3 0.8656250000000001 0.14609375 0.09375 0.1265625
4 0.10312500000000001 0.33046875000000003 0.07187500000000001 0.0890625
6 0.37812500000000004 0.3484375 0.109375 0.12812500000000002
1 0.6312500000000001 0.34140625 0.13125 0.1296875
14 0.8695312500000001 0.353125 0.1203125 0.115625
28 0.0859375 0.625 0.125 0.115625
30 0.36015625 0.57421875 0.07968750000000001 0.1015625
3 0.59609375 0.62890625 0.06406250000000001 0.09531250000000001
31 0.88828125 0.6375000000000001 0.1703125 0.16875
21 0.12812500000000002 0.8835937500000001 0.1375 0.1609375
24 0.38046875 0.8757812500000001 0.16718750000000002 0.16718750000000002
10 0.6171875 0.86484375 0.11875000000000001 0.1265625
30 0.8765625 0.875 0.140625 0.11875000000000001
