10 0.10312500000000001 0.08515625 0.07187500000000001 0.1046875
12 0.33984375 0.11328125 0.07968750000000001 0.0921875
18 0.578125 0.1203125 0.1 0.115625
13 0.8875000000000001 0.1015625 0.15000000000000002 0.15625
9 0.10312500000000001 0.3609375 0.134375 0.134375
4 0.36171875000000003 0.38906250000000003 0.1171875 0.125
6 0.6062500000000001 0.35781250000000003 0.1 0.13125
31 0.85859375 0.33984375 0.09843750000000001 0.1078125
4 0.09609375 0.58984375 0.1046875 0.1171875
14 0.36171875000000003 0.6195312500000001 0.1234375 0.1265625
