16 0.1453125 0.13984375000000002 0.203125 0.2015625
20 0.35546875 0.12890625 0.1453125 0.1453125
6 0.60703125 0.11484375000000001 0.0859375 0.11093750000000001
8 0.83125 0.11875000000000001 0.084375 0.096875
23 0.14921875 0.39765625000000004 0.15781250000000002 0.1484375
1 0.35859375000000004 0.3640625 0.1203125 0.115625
17 0.5890625 0.3296875 0.134375 0.125
17 0.86328125 0.38046875 0.1546875 0.15781250000000002
1 0.1296875 0.6101562500000001 0.12187500000000001 0.1390625
30 0.3796875 0.5890625 0.13125 0.13125
32 0.61484375 0.64609375 0.18281250000000002 0.1859375
5 0.9 0.6578125 0.16875 0.1625
9 0.09531250000000001 0.88203125 0.1 0.11406250000000001
26 0.36171875000000003 0.846875 0.1296875 0.1375
26 0.628125 0.8851562500000001 0.19062500000000002 0.1921875
10 0.8562500000000001 0.8515625 0.1 0.109375
