22 0.14453125 0.1265625 0.1703125 0.171875
0 0.33046875000000003 0.084375 0.1015625 0.1125
33 0.6117187500000001 0.11640625 0.1390625 0.1421875
24 0.8671875 0.096875 0.13125 0.134375
25 0.10390625 0.40078125000000003 0.15156250000000002 0.15781250000000002
21 0.3609375 0.38906250000000003 0.078125 0.10625000000000001
13 0.6039062500000001 0.36562500000000003 0.1328125 0.134375
1 0.8617187500000001 0.3796875 0.1046875 0.12187500000000001
13 0.10078125 0.5953125 0.09531250000000001 0.10625000000000001
10 0.36562500000000003 0.6335937500000001 0.146875 0.1453125
2 0.59765625 0.634375 0.060937500000000006 0.096875
13 0.8703125 0.63671875 0.125 0.1234375
7 0.109375 0.8679687500000001 0.10625000000000001 0.1171875
26 0.35078125000000004 0.8812500000000001 0.1234375 0.13125
