14 0.09609375 0.12578125 0.0671875 0.1046875
29 0.34453125 0.07421875 0.07968750000000001 0.0859375
18 0.5859375 0.109375 0.084375 0.11875000000000001
21 0.85078125 0.11953125 0.0734375 0.1046875
17 0.1 0.3484375 0.09375 0.125
17 0.40468750000000003 0.321875 0.109375 0.109375
7 0.5953125 0.35078125000000004 0.09375 0.11093750000000001
33 0.8695312500000001 0.37578125 0.1546875 0.1484375
11 0.12187500000000001 0.584375 0.10625000000000001 0.12187500000000001
33 0.39609375 0.62109375 0.19843750000000002 0.2015625
33 0.6195312500000001 0.62890625 0.15156250000000002 0.15156250000000002
11 0.8484375000000001 0.62421875 0.109375 0.11093750000000001
11 0.10859375 0.8421875000000001 0.0890625 0.10625000000000001
