20 0.08515625 0.08359375000000001 0.11406250000000001 0.1078125
6 0.353125 0.13671875 0.096875 0.1234375
27 0.6046875 0.1390625 0.15937500000000002 0.15937500000000002
34 0.8859375 0.08984375 0.12187500000000001 0.1203125
25 0.09921875000000001 0.37812500000000004 0.0734375 0.08750000000000001
29 0.37109375 0.3296875 0.1171875 0.13125
11 0.6359375 0.34765625 0.153125 0.1390625
14 0.86640625 0.38125000000000003 0.1328125 0.1375
2 0.11093750000000001 0.61328125 0.10625000000000001 0.1203125
7 0.3640625 0.603125 0.134375 0.12812500000000002
10 0.6257812500000001 0.58359375 0.1234375 0.1234375
