10 0.11171875 0.1390625 0.1234375 0.115625
12 0.36171875000000003 0.1203125 0.1328125 0.13125
13 0.6109375 0.14375000000000002 0.10312500000000001 0.109375
16 0.890625 0.15781250000000002 0.1625 0.17500000000000002
14 0.0703125 0.36015625 0.10312500000000001 0.1015625
16 0.34765625 0.37890625 0.1703125 0.1703125
17 0.61875 0.35859375000000004 0.13125 0.1296875
20 0.88984375 0.37734375000000003 0.16718750000000002 0.1609375
20 0.13046875 0.59765625 0.1234375 0.1234375
2 0.3640625 0.5710937500000001 0.09375 0.11093750000000001
