18 0.09140625000000001 0.096875 0.09843750000000001 0.09375
9 0.32343750000000004 0.10703125000000001 0.12187500000000001 0.1203125
7 0.63203125 0.14453125 0.1265625 0.1203125
6 0.86640625 0.11406250000000001 0.1015625 0.10625000000000001
35 0.11953125 0.37578125 0.1609375 0.1609375
14 0.37578125 0.36015625 0.1453125 0.1484375
25 0.603125 0.353125 0.115625 0.115625
10 0.84140625 0.35468750000000004 0.09843750000000001 0.09375
16 0.12578125 0.63203125 0.1296875 0.1328125
10 0.37578125 0.6195312500000001 0.17343750000000002 0.1796875
