17 0.09765625 0.109375 0.0734375 0.08125
29 0.38828125 0.09375 0.1234375 0.134375
19 0.61640625 0.09921875000000001 0.1203125 0.1390625
9 0.8617187500000001 0.1015625 0.11406250000000001 0.12812500000000002
27 0.13359375 0.36328125 0.1328125 0.1546875
13 0.35703125 0.36875 0.1234375 0.12812500000000002
1 0.5859375 0.33515625000000004 0.06875 0.09531250000000001
0 0.8539062500000001 0.35078125000000004 0.1078125 0.11406250000000001
24 0.09375 0.6125 0.125 0.125
23 0.359375 0.61484375 0.12187500000000001 0.1203125
32 0.6492187500000001 0.59921875 0.1328125 0.13593750000000002
26 0.84921875 0.6140625000000001 0.06406250000000001 0.08750000000000001
26 0.1328125 0.8640625000000001 0.171875 0.178125
2 0.328125 0.8515625 0.109375 0.11875000000000001
24 0.6171875 0.89453125 0.171875 0.1703125
