13 0.13125 0.08125 0.11875000000000001 0.12187500000000001
32 0.4265625 0.1484375 0.184375 0.171875
11 0.6046875 0.11796875000000001 0.13125 0.1484375
1 0.8757812500000001 0.11406250000000001 0.1171875 0.15000000000000002
27 0.15078125 0.33906250000000004 0.1390625 0.1375
29 0.38906250000000003 0.39609375 0.15937500000000002 0.17343750000000002
13 0.6335937500000001 0.36640625000000004 0.1171875 0.1390625
35 0.84375 0.40234375 0.16562500000000002 0.16718750000000002
21 0.11171875 0.60859375 0.11093750000000001 0.11093750000000001
3 0.34921875 0.59609375 0.060937500000000006 0.08281250000000001
19 0.60859375 0.62265625 0.1546875 0.17343750000000002
16 0.8953125000000001 0.6359375 0.18125000000000002 0.1875
