9 0.12109375 0.1125 0.11406250000000001 0.146875
18 0.35703125 0.15625 0.1078125 0.1125
18 0.6101562500000001 0.10859375 0.1546875 0.1546875
20 0.8250000000000001 0.08046875 0.10312500000000001 0.09843750000000001
3 0.096875 0.37812500000000004 0.10312500000000001 0.12187500000000001
4 0.37578125 0.39921875 0.1484375 0.1421875
25 0.6046875 0.35078125000000004 0.08750000000000001 0.09843750000000001
2 0.846875 0.36875 0.12187500000000001 0.12187500000000001
1 0.11875000000000001 0.609375 0.08125 0.125
31 0.34609375000000003 0.6140625000000001 0.09843750000000001 0.11875000000000001
28 0.57734375 0.58359375 0.08281250000000001 0.09843750000000001
35 0.8367187500000001 0.61328125 0.0734375 0.09843750000000001
1 0.08046875 0.8695312500000001 0.0921875 0.0921875
2 0.38203125000000004 0.853125 0.1328125 0.12812500000000002
