2 0.1046875 0.12187500000000001 0.125 0.13125
22 0.36875 0.1375 0.13125 0.134375
3 0.6000000000000001 0.14296875 0.096875 0.11093750000000001
14 0.8546875 0.12578125 0.08750000000000001 0.09843750000000001
9 0.14921875 0.41171875 0.1390625 0.1296875
20 0.3953125 0.3328125 0.134375 0.1375
21 0.6000000000000001 0.37734375000000003 0.109375 0.11406250000000001
1 0.8445312500000001 0.37421875000000004 0.08281250000000001 0.0921875
27 0.12421875 0.59375 0.11406250000000001 0.115625
27 0.3640625 0.6421875 0.109375 0.10625000000000001
7 0.5953125 0.6140625000000001 0.10625000000000001 0.1125
