26 0.12578125 0.13671875 0.15156250000000002 0.1640625
19 0.36250000000000004 0.10546875 0.1375 0.1609375
17 0.628125 0.1125 0.15000000000000002 0.15000000000000002
18 0.8609375 0.10625000000000001 0.09375 0.08750000000000001
11 0.11484375000000001 0.38984375000000004 0.1265625 0.1265625
6 0.3609375 0.340625 0.078125 0.115625
8 0.6101562500000001 0.37421875000000004 0.1546875 0.16718750000000002
35 0.88046875 0.3640625 0.16718750000000002 0.16875
25 0.1265625 0.63046875 0.14375000000000002 0.1453125
31 0.3875 0.5945312500000001 0.153125 0.15156250000000002
