12 0.12421875 0.13125 0.15156250000000002 0.153125
10 0.359375 0.1078125 0.18125000000000002 0.18125000000000002
21 0.6351562500000001 0.14375000000000002 0.1453125 0.14375000000000002
18 0.85078125 0.10078125 0.0859375 0.1296875
1 0.09453125000000001 0.36640625000000004 0.1046875 0.1265625
6 0.35468750000000004 0.3171875 0.078125 0.1
10 0.60859375 0.40390625 0.1765625 0.1796875
19 0.8875000000000001 0.38984375000000004 0.15000000000000002 0.15156250000000002
15 0.1078125 0.6359375 0.115625 0.115625
8 0.32734375000000004 0.57578125 0.07968750000000001 0.09531250000000001
7 0.5875 0.62421875 0.096875 0.1015625
28 0.88046875 0.59921875 0.1265625 0.1265625
11 0.12421875 0.9085937500000001 0.1234375 0.1453125
29 0.37109375 0.828125 0.1171875 0.12187500000000001
32 0.61875 0.8671875 0.1625 0.15937500000000002
