17 0.109375 0.140625 0.14375000000000002 0.1375
3 0.36953125000000003 0.125 0.1453125 0.140625
31 0.64453125 0.146875 0.18906250000000002 0.171875
11 0.84765625 0.13359375 0.1015625 0.1015625
20 0.1421875 0.32734375000000004 0.10625000000000001 0.1078125
16 0.36562500000000003 0.32265625000000003 0.09062500000000001 0.11093750000000001
33 0.6140625000000001 0.384375 0.12187500000000001 0.10625000000000001
23 0.87265625 0.34687500000000004 0.1453125 0.12812500000000002
19 0.07265625 0.6062500000000001 0.09531250000000001 0.115625
35 0.35468750000000004 0.59140625 0.10312500000000001 0.1078125
22 0.6578125 0.6140625000000001 0.21250000000000002 0.21875
24 0.87109375 0.61875 0.16718750000000002 0.16875
33 0.08984375 0.8734375000000001 0.0921875 0.096875
4 0.35781250000000003 0.8828125 0.14375000000000002 0.146875
3 0.6484375 0.8289062500000001 0.109375 0.1015625
