2 0.11953125 0.07421875 0.09843750000000001 0.11093750000000001
9 0.325 0.09921875000000001 0.078125 0.09843750000000001
2 0.5890625 0.10703125000000001 0.065625 0.08281250000000001
33 0.8562500000000001 0.12187500000000001 0.125 0.125
18 0.08125 0.35234375 0.115625 0.1171875
9 0.38125000000000003 0.3484375 0.14375000000000002 0.15000000000000002
8 0.6335937500000001 0.33125000000000004 0.11093750000000001 0.12187500000000001
21 0.8656250000000001 0.3609375 0.12812500000000002 0.1375
25 0.12812500000000002 0.6046875 0.12187500000000001 0.12812500000000002
10 0.37031250000000004 0.62421875 0.15000000000000002 0.15781250000000002
