18 0.07734375 0.12812500000000002 0.09843750000000001 0.09375
1 0.37812500000000004 0.15937500000000002 0.078125 0.1375
14 0.5984375000000001 0.08359375000000001 0.07187500000000001 0.1015625
3 0.8484375000000001 0.12421875 0.07187500000000001 0.1078125
17 0.13203125000000002 0.3640625 0.1328125 0.153125
5 0.34921875 0.36250000000000004 0.1265625 0.12812500000000002
6 0.640625 0.32656250000000003 0.109375 0.10312500000000001
21 0.8515625 0.35703125 0.11875000000000001 0.11093750000000001
1 0.1 0.60078125 0.11875000000000001 0.1328125
1 0.33671875 0.6257812500000001 0.1015625 0.1015625
24 0.57578125 0.6023437500000001 0.0859375 0.09843750000000001
24 0.86484375 0.65234375 0.0921875 0.1421875
22 0.1375 0.8773437500000001 0.14375000000000002 0.1390625
