0 0.11484375000000001 0.07109375 0.07968750000000001 0.1015625
15 0.36015625 0.14453125 0.1609375 0.1609375
18 0.5984375000000001 0.1046875 0.06875 0.1375
20 0.8695312500000001 0.0765625 0.11093750000000001 0.10312500000000001
17 0.13359375 0.33437500000000003 0.1171875 0.115625
34 0.3640625 0.36953125000000003 0.125 0.1390625
9 0.6140625000000001 0.37031250000000004 0.10625000000000001 0.11875000000000001
21 0.8609375 0.39609375 0.10312500000000001 0.1078125
13 0.12812500000000002 0.6000000000000001 0.13125 0.134375
17 0.33828125000000003 0.58046875 0.13593750000000002 0.13593750000000002
