0 0.11171875 0.13984375000000002 0.1234375 0.15156250000000002
14 0.36171875000000003 0.10078125 0.1203125 0.1390625
7 0.628125 0.1 0.09375 0.12187500000000001
35 0.87109375 0.140625 0.1390625 0.140625
1 0.1125 0.340625 0.10312500000000001 0.125
10 0.36875 0.39296875000000003 0.12812500000000002 0.1265625
19 0.6101562500000001 0.36015625 0.11093750000000001 0.11093750000000001
33 0.8835937500000001 0.33906250000000004 0.1265625 0.12812500000000002
30 0.1078125 0.6179687500000001 0.09062500000000001 0.0890625
24 0.35703125 0.6171875 0.07968750000000001 0.125
11 0.603125 0.6179687500000001 0.07187500000000001 0.1171875
26 0.89765625 0.61484375 0.1703125 0.1703125
2 0.11640625 0.86328125 0.1171875 0.1421875
2 0.35625 0.846875 0.08750000000000001 0.10625000000000001
11 0.6179687500000001 0.85703125 0.1203125 0.1171875
4 0.8671875 0.8578125000000001 0.109375 0.140625
