2 0.11093750000000001 0.1234375 0.1 0.1375
1 0.35625 0.13203125000000002 0.08125 0.09531250000000001
14 0.59140625 0.084375 0.08281250000000001 0.09062500000000001
25 0.9007812500000001 0.07890625000000001 0.1234375 0.1203125
2 0.1046875 0.35000000000000003 0.10312500000000001 0.1125
0 0.3484375 0.35390625000000003 0.08750000000000001 0.09531250000000001
13 0.6351562500000001 0.37265625 0.17343750000000002 0.16718750000000002
1 0.853125 0.375 0.10625000000000001 0.13125
18 0.11093750000000001 0.65546875 0.109375 0.1296875
12 0.36562500000000003 0.66015625 0.1375 0.1484375
7 0.60703125 0.59921875 0.0703125 0.1015625
24 0.8859375 0.6335937500000001 0.15000000000000002 0.15781250000000002
27 0.12812500000000002 0.84765625 0.125 0.1265625
27 0.37343750000000003 0.90234375 0.115625 0.1078125
15 0.5859375 0.8562500000000001 0.12187500000000001 0.125
