23 0.11171875 0.13593750000000002 0.11093750000000001 0.1125
29 0.37812500000000004 0.0921875 0.13125 0.134375
3 0.5750000000000001 0.10625000000000001 0.115625 0.1125
18 0.83359375 0.12812500000000002 0.051562500000000004 0.13125
16 0.12187500000000001 0.39921875 0.16562500000000002 0.16718750000000002
16 0.34453125 0.3828125 0.0859375 0.10312500000000001
4 0.58359375 0.353125 0.09531250000000001 0.10625000000000001
35 0.853125 0.37578125 0.1125 0.1265625
18 0.13828125 0.596875 0.1390625 0.140625
22 0.37109375 0.6015625 0.1265625 0.09062500000000001
12 0.62265625 0.5906250000000001 0.11093750000000001 0.115625
10 0.85859375 0.57734375 0.0921875 0.09531250000000001
21 0.11406250000000001 0.8773437500000001 0.1375 0.1328125
17 0.3640625 0.86328125 0.12187500000000001 0.1234375
