30 0.1203125 0.12578125 0.12812500000000002 0.1328125
23 0.34609375000000003 0.10546875 0.0890625 0.11093750000000001
29 0.61484375 0.09609375 0.13593750000000002 0.1296875
20 0.8968750000000001 0.11796875000000001 0.178125 0.1796875
0 0.11328125 0.3796875 0.11406250000000001 0.153125
18 0.36640625000000004 0.34609375000000003 0.0859375 0.1046875
34 0.6195312500000001 0.37734375000000003 0.1546875 0.1546875
9 0.87890625 0.359375 0.1265625 0.1375
25 0.11328125 0.603125 0.1203125 0.12812500000000002
35 0.39296875000000003 0.57265625 0.1296875 0.1296875
