2 0.096875 0.1203125 0.07187500000000001 0.1
18 0.3671875 0.09375 0.13125 0.15000000000000002
14 0.6039062500000001 0.11953125 0.1421875 0.1421875
19 0.8640625000000001 0.1296875 0.140625 0.1625
1 0.10703125000000001 0.38359375 0.09531250000000001 0.11093750000000001
33 0.36484375 0.35781250000000003 0.1234375 0.1125
16 0.6125 0.37109375 0.11875000000000001 0.1296875
34 0.8718750000000001 0.353125 0.14375000000000002 0.15000000000000002
0 0.11484375000000001 0.6171875 0.1171875 0.134375
35 0.35859375000000004 0.628125 0.1234375 0.125
1 0.5859375 0.6203125 0.11875000000000001 0.1125
