35 0.10078125 0.10390625 0.1390625 0.1421875
14 0.36171875000000003 0.08828125 0.0890625 0.11093750000000001
0 0.60703125 0.11875000000000001 0.1171875 0.146875
35 0.87109375 0.06875 0.08281250000000001 0.08750000000000001
35 0.1203125 0.3640625 0.14375000000000002 0.15000000000000002
14 0.3671875 0.36875 0.153125 0.15000000000000002
28 0.60078125 0.35859375000000004 0.1203125 0.1265625
0 0.8445312500000001 0.35468750000000004 0.1453125 0.14375000000000002
8 0.10390625 0.5984375000000001 0.09531250000000001 0.11875000000000001
22 0.40546875000000004 0.6046875 0.1921875 0.14375000000000002
13 0.5867187500000001 0.57734375 0.11406250000000001 0.11406250000000001
28 0.85546875 0.6023437500000001 0.11093750000000001 0.1078125
28 0.12890625 0.86875 0.1546875 0.153125
24 0.35000000000000003 0.8695312500000001 0.078125 0.08281250000000001
33 0.61875 0.9007812500000001 0.178125 0.17343750000000002
