11 0.07968750000000001 0.11406250000000001 0.109375 0.10625000000000001
12 0.36015625 0.125 0.13593750000000002 0.14375000000000002
29 0.63046875 0.115625 0.1421875 0.15000000000000002
14 0.8390625 0.10546875 0.125 0.1265625
20 0.115625 0.36796875 0.153125 0.15156250000000002
6 0.35781250000000003 0.36250000000000004 0.1375 0.146875
14 0.578125 0.33828125000000003 0.109375 0.11093750000000001
17 0.85546875 0.39375000000000004 0.0734375 0.1125
17 0.14140625 0.59765625 0.1328125 0.1296875
13 0.35625 0.6414062500000001 0.12187500000000001 0.1265625
19 0.5796875 0.58203125 0.115625 0.11093750000000001
22 0.88046875 0.63828125 0.1859375 0.1859375
32 0.09609375 0.86328125 0.1234375 0.1234375
