22 0.09765625 0.08671875000000001 0.1328125 0.1203125
27 0.36484375 0.10078125 0.1203125 0.1171875
19 0.59375 0.11328125 0.084375 0.1203125
19 0.8523437500000001 0.09609375 0.1234375 0.1171875
31 0.15703125 0.35703125 0.13593750000000002 0.1328125
11 0.353125 0.3671875 0.13125 0.13125
20 0.61640625 0.375 0.1296875 0.13125
35 0.85859375 0.32890625 0.0921875 0.0921875
31 0.11328125 0.6156250000000001 0.1328125 0.13125
35 0.375 0.59375 0.125 0.125
28 0.62109375 0.59609375 0.11406250000000001 0.1203125
30 0.875 0.63828125 0.134375 0.1328125
