7 0.0765625 0.09062500000000001 0.10312500000000001 0.115625
6 0.35234375 0.11328125 0.0859375 0.09531250000000001
34 0.62421875 0.1265625 0.1328125 0.13125
12 0.8523437500000001 0.10078125 0.1171875 0.1171875
14 0.12187500000000001 0.38203125000000004 0.125 0.1453125
7 0.34765625 0.36875 0.11093750000000001 0.115625
19 0.62265625 0.36250000000000004 0.15156250000000002 0.146875
23 0.8914062500000001 0.3796875 0.16718750000000002 0.16562500000000002
18 0.09062500000000001 0.6335937500000001 0.096875 0.11406250000000001
10 0.37734375000000003 0.60078125 0.1328125 0.1328125
21 0.6273437500000001 0.59609375 0.1328125 0.1421875
