9 0.09140625000000001 0.10546875 0.1453125 0.1421875
9 0.34375 0.08515625 0.05 0.08281250000000001
20 0.60703125 0.13359375 0.11406250000000001 0.11093750000000001
7 0.86328125 0.10312500000000001 0.11093750000000001 0.10312500000000001
20 0.13203125000000002 0.34140625 0.13593750000000002 0.1328125
23 0.38828125 0.37343750000000003 0.17343750000000002 0.17500000000000002
21 0.6414062500000001 0.36015625 0.1703125 0.1703125
1 0.8562500000000001 0.38906250000000003 0.09062500000000001 0.10312500000000001
14 0.1046875 0.62890625 0.11875000000000001 0.13593750000000002
24 0.36484375 0.6421875 0.1203125 0.146875
27 0.6468750000000001 0.61328125 0.209375 0.1921875
31 0.8546875 0.60703125 0.1125 0.1078125
