13 0.1375 0.1328125 0.14375000000000002 0.1625
13 0.3640625 0.13203125000000002 0.11875000000000001 0.11406250000000001
33 0.61484375 0.12187500000000001 0.11093750000000001 0.10625000000000001
21 0.8546875 0.1125 0.140625 0.1375
23 0.1125 0.35781250000000003 0.13125 0.13125
2 0.36562500000000003 0.36875 0.15937500000000002 0.16562500000000002
7 0.6195312500000001 0.34921875 0.1484375 0.1421875
5 0.8343750000000001 0.35546875 0.08750000000000001 0.1046875
2 0.1203125 0.609375 0.15000000000000002 0.15000000000000002
27 0.36484375 0.6390625000000001 0.1265625 0.125
10 0.6117187500000001 0.60546875 0.11093750000000001 0.09843750000000001
18 0.85859375 0.6117187500000001 0.1203125 0.1234375
17 0.11015625000000001 0.8562500000000001 0.09531250000000001 0.12187500000000001
