16 0.09921875000000001 0.12578125 0.1171875 0.1328125
2 0.3609375 0.1296875 0.134375 0.146875
3 0.6171875 0.12109375 0.15000000000000002 0.15781250000000002
1 0.84765625 0.115625 0.06406250000000001 0.096875
18 0.08281250000000001 0.340625 0.065625 0.1125
4 0.3515625 0.36015625 0.07500000000000001 0.1015625
4 0.6156250000000001 0.35000000000000003 0.13125 0.13125
14 0.8421875000000001 0.34140625 0.07500000000000001 0.1015625
28 0.11796875000000001 0.6046875 0.15781250000000002 0.17500000000000002
3 0.359375 0.628125 0.15000000000000002 0.1375
35 0.6101562500000001 0.6351562500000001 0.0734375 0.09843750000000001
11 0.88828125 0.6312500000000001 0.17343750000000002 0.18125000000000002
22 0.16953125000000002 0.8445312500000001 0.1390625 0.1484375
30 0.39687500000000003 0.87890625 0.178125 0.1765625
31 0.6117187500000001 0.859375 0.1328125 0.13125
22 0.8656250000000001 0.8812500000000001 0.13125 0.12812500000000002
