14 0.11796875000000001 0.11953125 0.15156250000000002 0.1484375
25 0.36796875 0.13046875 0.1421875 0.1421875
2 0.6140625000000001 0.11171875 0.078125 0.1203125
22 0.87890625 0.10234375000000001 0.15781250000000002 0.1609375
33 0.11953125 0.3640625 0.1453125 0.146875
34 0.375 0.35625 0.125 0.134375
19 0.6312500000000001 0.34140625 0.11875000000000001 0.1203125
31 0.8617187500000001 0.33437500000000003 0.0921875 0.09062500000000001
31 0.115625 0.62265625 0.17500000000000002 0.17343750000000002
0 0.3484375 0.5945312500000001 0.078125 0.1015625
30 0.6140625000000001 0.6195312500000001 0.12187500000000001 0.1203125
