4 0.1046875 0.1375 0.08125 0.12187500000000001
32 0.36484375 0.09921875000000001 0.1234375 0.1171875
3 0.6000000000000001 0.1328125 0.10312500000000001 0.1125
19 0.8656250000000001 0.15234375 0.125 0.1546875
35 0.09062500000000001 0.34609375000000003 0.08750000000000001 0.1046875
27 0.36640625000000004 0.36328125 0.1390625 0.1390625
13 0.59765625 0.37265625 0.1015625 0.1046875
18 0.8226562500000001 0.38046875 0.1046875 0.1234375
19 0.13046875 0.60703125 0.1453125 0.1484375
19 0.37578125 0.6117187500000001 0.1234375 0.1296875
17 0.64453125 0.5945312500000001 0.13593750000000002 0.1296875
7 0.8601562500000001 0.65 0.09531250000000001 0.1125
5 0.1234375 0.8875000000000001 0.140625 0.14375000000000002
28 0.3359375 0.8421875000000001 0.09062500000000001 0.115625
