32 0.1234375 0.115625 0.15937500000000002 0.15625
0 0.3609375 0.1390625 0.115625 0.12812500000000002
9 0.6195312500000001 0.09375 0.0890625 0.125
2 0.8914062500000001 0.08203125 0.1234375 0.1203125
24 0.11328125 0.34453125 0.1078125 0.11093750000000001
0 0.35859375000000004 0.38515625000000003 0.11406250000000001 0.11093750000000001
6 0.6335937500000001 0.3515625 0.1453125 0.15000000000000002
23 0.8734375000000001 0.353125 0.13125 0.125
23 0.10546875 0.6140625000000001 0.09531250000000001 0.096875
18 0.36484375 0.628125 0.1046875 0.11875000000000001
13 0.609375 0.5710937500000001 0.078125 0.09531250000000001
5 0.8546875 0.640625 0.09375 0.12812500000000002
31 0.11015625000000001 0.86640625 0.1453125 0.13593750000000002
24 0.34687500000000004 0.85859375 0.125 0.1421875
20 0.6453125000000001 0.8656250000000001 0.17500000000000002 0.178125
4 0.86328125 0.81640625 0.0890625 0.1015625
