4 0.11328125 0.10625000000000001 0.0765625 0.096875
18 0.35781250000000003 0.14609375 0.078125 0.1484375
12 0.61484375 0.14921875 0.1046875 0.1484375
9 0.8453125 0.14453125 0.13125 0.15156250000000002
35 0.109375 0.3765625 0.115625 0.12187500000000001
13 0.38906250000000003 0.325 0.11875000000000001 0.11875000000000001
5 0.59609375 0.35703125 0.0859375 0.1015625
23 0.84296875 0.37265625 0.1046875 0.1046875
10 0.096875 0.6234375000000001 0.11875000000000001 0.11875000000000001
1 0.34375 0.62890625 0.06875 0.0921875
23 0.5796875 0.603125 0.1375 0.1375
24 0.85703125 0.5875 0.0890625 0.09375
