25 0.10312500000000001 0.10859375 0.12187500000000001 0.1203125
24 0.3609375 0.09531250000000001 0.16875 0.16875
7 0.59765625 0.10312500000000001 0.0671875 0.09375
2 0.8656250000000001 0.12187500000000001 0.16875 0.16562500000000002
3 0.1 0.38046875 0.09062500000000001 0.1171875
6 0.35468750000000004 0.38203125000000004 0.125 0.1328125
3 0.5953125 0.37421875000000004 0.1375 0.13593750000000002
4 0.85859375 0.36250000000000004 0.1296875 0.14375000000000002
15 0.1203125 0.58046875 0.096875 0.1078125
4 0.3609375 0.6359375 0.06875 0.10625000000000001
15 0.6015625 0.5984375000000001 0.09375 0.1
13 0.8765625 0.6218750000000001 0.125 0.146875
2 0.0765625 0.8445312500000001 0.096875 0.11093750000000001
24 0.3765625 0.84140625 0.12812500000000002 0.13593750000000002
4 0.5945312500000001 0.86875 0.0921875 0.096875
29 0.8546875 0.8625 0.146875 0.146875
