2 0.1265625 0.0859375 0.10625000000000001 0.10625000000000001
1 0.36015625 0.10703125000000001 0.1203125 0.1421875
33 0.62265625 0.10546875 0.1234375 0.1296875
11 0.8703125 0.11640625 0.12187500000000001 0.1328125
17 0.13984375000000002 0.36640625000000004 0.18906250000000002 0.18906250000000002
1 0.37109375 0.35078125000000004 0.1328125 0.1265625
11 0.61640625 0.36562500000000003 0.1453125 0.15000000000000002
28 0.85703125 0.37578125 0.09531250000000001 0.1171875
0 0.109375 0.6273437500000001 0.12187500000000001 0.1296875
24 0.39453125 0.6414062500000001 0.20468750000000002 0.20468750000000002
10 0.5890625 0.59375 0.09062500000000001 0.084375
6 0.85078125 0.58828125 0.07968750000000001 0.1078125
28 0.12734375 0.8890625000000001 0.15156250000000002 0.16562500000000002
3 0.36328125 0.8851562500000001 0.1046875 0.13593750000000002
