9 0.1171875 0.11484375000000001 0.1125 0.1203125
25 0.371875 0.10703125000000001 0.14375000000000002 0.1421875
13 0.61328125 0.10234375000000001 0.1046875 0.1015625
9 0.8640625000000001 0.0859375 0.09062500000000001 0.115625
6 0.1078125 0.4078125 0.146875 0.16562500000000002
31 0.35703125 0.37421875000000004 0.1203125 0.1171875
21 0.6351562500000001 0.384375 0.15781250000000002 0.15937500000000002
11 0.8929687500000001 0.37890625 0.1421875 0.1484375
18 0.09609375 0.6023437500000001 0.11406250000000001 0.1203125
2 0.3453125 0.6195312500000001 0.13125 0.1296875
27 0.6359375 0.60859375 0.15625 0.1546875
28 0.81953125 0.6101562500000001 0.11093750000000001 0.1046875
33 0.12109375 0.89375 0.1546875 0.15000000000000002
4 0.3828125 0.9031250000000001 0.12187500000000001 0.1375
