34 0.13203125000000002 0.0765625 0.09531250000000001 0.10625000000000001
16 0.353125 0.115625 0.146875 0.146875
34 0.60546875 0.1390625 0.1546875 0.15625
13 0.87265625 0.10859375 0.15781250000000002 0.1546875
31 0.11953125 0.38515625000000003 0.1265625 0.1265625
20 0.36953125000000003 0.36484375 0.1046875 0.09843750000000001
5 0.6023437500000001 0.3640625 0.0890625 0.115625
1 0.87109375 0.37734375000000003 0.1234375 0.11093750000000001
3 0.08984375 0.61484375 0.06406250000000001 0.0859375
18 0.36250000000000004 0.6359375 0.10625000000000001 0.109375
17 0.5921875 0.5632812500000001 0.08750000000000001 0.07968750000000001
18 0.8460937500000001 0.58828125 0.1015625 0.1046875
17 0.1125 0.8679687500000001 0.1125 0.1015625
