31 0.1171875 0.09609375 0.115625 0.1265625
19 0.37109375 0.134375 0.1609375 0.153125
14 0.60859375 0.1234375 0.09843750000000001 0.10312500000000001
7 0.86640625 0.1 0.13593750000000002 0.13125
26 0.09609375 0.37109375 0.0703125 0.0890625
26 0.3828125 0.36484375 0.15937500000000002 0.1640625
27 0.6179687500000001 0.39453125 0.1296875 0.1265625
24 0.8718750000000001 0.38828125 0.15000000000000002 0.15156250000000002
19 0.09843750000000001 0.62265625 0.13125 0.13593750000000002
10 0.3375 0.6156250000000001 0.1125 0.1125
23 0.6390625000000001 0.65546875 0.146875 0.1484375
1 0.8460937500000001 0.63046875 0.1421875 0.1484375
17 0.09843750000000001 0.8500000000000001 0.0625 0.08750000000000001
2 0.34218750000000003 0.884375 0.09062500000000001 0.084375
20 0.61484375 0.8601562500000001 0.1046875 0.1046875
2 0.859375 0.8460937500000001 0.09375 0.1234375
