20 0.12421875 0.11484375000000001 0.1546875 0.15156250000000002
24 0.3921875 0.1203125 0.2 0.203125
2 0.6117187500000001 0.109375 0.1296875 0.13125
16 0.87421875 0.096875 0.1296875 0.12812500000000002
8 0.11328125 0.36484375 0.11406250000000001 0.11093750000000001
4 0.359375 0.36171875000000003 0.09062500000000001 0.11093750000000001
5 0.6101562500000001 0.37734375000000003 0.11406250000000001 0.15156250000000002
3 0.87421875 0.35546875 0.1328125 0.1328125
27 0.1328125 0.6039062500000001 0.18125000000000002 0.18281250000000002
4 0.353125 0.6328125 0.08750000000000001 0.115625
23 0.62890625 0.61640625 0.1546875 0.1390625
15 0.8851562500000001 0.6046875 0.1609375 0.1625
7 0.0890625 0.8828125 0.134375 0.134375
26 0.38359375 0.8773437500000001 0.18281250000000002 0.18281250000000002
21 0.6179687500000001 0.89453125 0.1078125 0.1421875
16 0.8617187500000001 0.88046875 0.1390625 0.1390625
