29 0.146875 0.08359375000000001 0.115625 0.1171875
25 0.36171875000000003 0.1171875 0.13593750000000002 0.134375
18 0.5921875 0.140625 0.046875 0.10625000000000001
10 0.8601562500000001 0.12187500000000001 0.1203125 0.11875000000000001
17 0.1046875 0.35859375000000004 0.09062500000000001 0.0921875
14 0.35859375000000004 0.37812500000000004 0.1328125 0.134375
31 0.6171875 0.33671875 0.1 0.09531250000000001
0 0.853125 0.35000000000000003 0.125 0.14375000000000002
35 0.1234375 0.5765625 0.115625 0.125
19 0.36640625000000004 0.6179687500000001 0.1609375 0.16718750000000002
33 0.625 0.65234375 0.115625 0.1296875
29 0.8734375000000001 0.6421875 0.125 0.125
22 0.15859375 0.90546875 0.1796875 0.1765625
10 0.37265625 0.878125 0.1484375 0.15000000000000002
33 0.6429687500000001 0.89609375 0.1640625 0.1640625
