34 0.12265625000000001 0.1390625 0.13593750000000002 0.134375
27 0.37343750000000003 0.1421875 0.1875 0.1875
1 0.6195312500000001 0.08359375000000001 0.1171875 0.1265625
18 0.8539062500000001 0.0765625 0.0859375 0.109375
32 0.12421875 0.32656250000000003 0.13593750000000002 0.11875000000000001
34 0.39140625 0.4 0.1765625 0.18125000000000002
19 0.6218750000000001 0.33906250000000004 0.12812500000000002 0.1375
6 0.853125 0.3203125 0.053125000000000006 0.08125
25 0.125 0.6101562500000001 0.1375 0.1390625
31 0.359375 0.63046875 0.1375 0.1390625
3 0.59921875 0.60859375 0.1234375 0.1328125
