32 0.13984375000000002 0.11953125 0.1703125 0.1421875
14 0.37265625 0.1296875 0.13593750000000002 0.140625
21 0.6335937500000001 0.140625 0.1453125 0.14375000000000002
7 0.89609375 0.1 0.1171875 0.1375
10 0.11328125 0.34375 0.1171875 0.109375
0 0.3484375 0.3453125 0.07187500000000001 0.09062500000000001
30 0.6156250000000001 0.36640625000000004 0.1125 0.11093750000000001
23 0.884375 0.39609375 0.19375 0.20468750000000002
18 0.09062500000000001 0.63046875 0.10312500000000001 0.1296875
31 0.37812500000000004 0.60859375 0.171875 0.17343750000000002
32 0.659375 0.6390625000000001 0.215625 0.2
22 0.846875 0.57265625 0.08125 0.0734375
32 0.10312500000000001 0.8359375 0.17500000000000002 0.171875
11 0.38593750000000004 0.853125 0.153125 0.15625
15 0.62421875 0.875 0.1234375 0.13125
30 0.86875 0.87890625 0.1375 0.1390625
