25 0.109375 0.1046875 0.10625000000000001 0.10625000000000001
16 0.33906250000000004 0.11406250000000001 0.09375 0.09375
6 0.61640625 0.10703125000000001 0.09843750000000001 0.1234375
12 0.8539062500000001 0.09062500000000001 0.08281250000000001 0.09375
3 0.0890625 0.37734375000000003 0.096875 0.1078125
35 0.33125000000000004 0.36640625000000004 0.10312500000000001 0.11093750000000001
20 0.6234375000000001 0.3828125 0.153125 0.140625
7 0.84296875 0.35703125 0.1078125 0.11093750000000001
23 0.134375 0.6375000000000001 0.15000000000000002 0.1625
27 0.38671875 0.6000000000000001 0.1453125 0.15000000000000002
11 0.640625 0.6179687500000001 0.184375 0.1765625
