13 0.10312500000000001 0.08125 0.109375 0.10625000000000001
19 0.35390625000000003 0.14453125 0.15156250000000002 0.15156250000000002
7 0.625 0.16328125000000002 0.13125 0.15781250000000002
21 0.875 0.1390625 0.1375 0.14375000000000002
10 0.11640625 0.36953125000000003 0.15781250000000002 0.15781250000000002
10 0.35859375000000004 0.39921875 0.1015625 0.1015625
4 0.6203125 0.35859375000000004 0.10625000000000001 0.1203125
8 0.8500000000000001 0.38515625000000003 0.09062500000000001 0.1203125
11 0.1390625 0.6179687500000001 0.184375 0.1859375
28 0.36250000000000004 0.6234375000000001 0.1375 0.134375
26 0.6421875 0.62890625 0.16562500000000002 0.1640625
2 0.8703125 0.6062500000000001 0.12187500000000001 0.13125
28 0.1296875 0.85703125 0.15625 0.1765625
13 0.36875 0.8171875000000001 0.09062500000000001 0.10312500000000001
27 0.6507812500000001 0.884375 0.18281250000000002 0.18125000000000002
25 0.8671875 0.8890625000000001 0.12812500000000002 0.1375
