20 0.13828125 0.10859375 0.1609375 0.13593750000000002
4 0.3671875 0.08125 0.084375 0.10312500000000001
4 0.6171875 0.15937500000000002 0.096875 0.13125
11 0.85546875 0.11796875000000001 0.1453125 0.1453125
2 0.11093750000000001 0.37890625 0.171875 0.1703125
30 0.41015625 0.38515625000000003 0.1796875 0.1796875
13 0.6453125000000001 0.38593750000000004 0.17500000000000002 0.17500000000000002
13 0.8617187500000001 0.371875 0.1328125 0.1375
5 0.11953125 0.6171875 0.15156250000000002 0.153125
32 0.36796875 0.64765625 0.1296875 0.1234375
27 0.65625 0.64453125 0.18125000000000002 0.18281250000000002
8 0.8367187500000001 0.61640625 0.1296875 0.1328125
2 0.09609375 0.86484375 0.09843750000000001 0.1078125
22 0.3640625 0.8500000000000001 0.1125 0.1125
15 0.6046875 0.85859375 0.1 0.1046875
4 0.85546875 0.8695312500000001 0.07968750000000001 0.1015625
