11 0.09062500000000001 0.10078125 0.12812500000000002 0.1296875
6 0.35000000000000003 0.09921875000000001 0.11875000000000001 0.1203125
29 0.60078125 0.12187500000000001 0.11406250000000001 0.12187500000000001
29 0.84921875 0.1078125 0.1546875 0.15625
18 0.096875 0.3328125 0.059375000000000004 0.1125
6 0.38359375 0.33046875000000003 0.09531250000000001 0.0921875
17 0.6109375 0.37812500000000004 0.12187500000000001 0.1125
17 0.84765625 0.35000000000000003 0.1015625 0.09375
25 0.10234375000000001 0.6257812500000001 0.1046875 0.11093750000000001
0 0.36796875 0.58515625 0.1015625 0.09843750000000001
5 0.6421875 0.65 0.140625 0.1375
