25 0.09375 0.12187500000000001 0.07187500000000001 0.08125
12 0.3953125 0.10390625 0.134375 0.1484375
31 0.6117187500000001 0.12812500000000002 0.11406250000000001 0.12812500000000002
10 0.8859375 0.10546875 0.16562500000000002 0.1609375
1 0.10546875 0.3953125 0.1078125 0.1
35 0.3671875 0.36953125000000003 0.084375 0.11093750000000001
24 0.6156250000000001 0.3515625 0.125 0.12812500000000002
11 0.8695312500000001 0.37734375000000003 0.1609375 0.15781250000000002
3 0.115625 0.61875 0.09062500000000001 0.12812500000000002
6 0.375 0.6101562500000001 0.153125 0.1765625
15 0.5945312500000001 0.62421875 0.0890625 0.1203125
6 0.8421875000000001 0.6234375000000001 0.07500000000000001 0.096875
15 0.12734375 0.8484375000000001 0.1328125 0.153125
24 0.36015625 0.8601562500000001 0.15156250000000002 0.15156250000000002
