16 0.1046875 0.12421875 0.140625 0.1484375
4 0.34609375000000003 0.10390625 0.11093750000000001 0.1328125
16 0.6265625 0.1046875 0.134375 0.15000000000000002
29 0.86875 0.11406250000000001 0.140625 0.140625
14 0.09375 0.37812500000000004 0.1125 0.1125
17 0.37421875000000004 0.32109375 0.1078125 0.1046875
3 0.60546875 0.371875 0.09531250000000001 0.115625
27 0.87890625 0.38906250000000003 0.1609375 0.16562500000000002
18 0.11484375000000001 0.5953125 0.1015625 0.10625000000000001
1 0.35468750000000004 0.628125 0.09062500000000001 0.10312500000000001
