25 0.11953125 0.11406250000000001 0.1203125 0.12812500000000002
2 0.36015625 0.0859375 0.0859375 0.09062500000000001
3 0.6000000000000001 0.1078125 0.10625000000000001 0.125
7 0.84375 0.1234375 0.06875 0.096875
29 0.1078125 0.35390625000000003 0.09062500000000001 0.09843750000000001
0 0.32421875 0.33046875000000003 0.07968750000000001 0.09843750000000001
25 0.596875 0.35546875 0.1125 0.1234375
24 0.8625 0.34609375000000003 0.146875 0.1484375
31 0.12421875 0.6179687500000001 0.1421875 0.1328125
6 0.37265625 0.6578125 0.0734375 0.12187500000000001
5 0.6046875 0.63046875 0.07500000000000001 0.11406250000000001
11 0.8601562500000001 0.61328125 0.1015625 0.09843750000000001
