6 0.11640625 0.11484375000000001 0.1203125 0.1421875
32 0.35546875 0.08750000000000001 0.0890625 0.08125
0 0.6109375 0.14140625 0.1125 0.1328125
19 0.83984375 0.09296875 0.1171875 0.1265625
16 0.13515625 0.33671875 0.1390625 0.1421875
10 0.34921875 0.36562500000000003 0.09531250000000001 0.09062500000000001
31 0.6218750000000001 0.38125000000000003 0.15937500000000002 0.15625
3 0.84296875 0.37109375 0.11093750000000001 0.1265625
7 0.09453125000000001 0.62109375 0.0703125 0.0859375
11 0.3796875 0.6312500000000001 0.11875000000000001 0.14375000000000002
26 0.6234375000000001 0.609375 0.12812500000000002 0.12812500000000002
7 0.8703125 0.63203125 0.115625 0.1234375
29 0.12890625 0.85859375 0.1421875 0.1421875
27 0.3984375 0.878125 0.184375 0.178125
