32 0.11406250000000001 0.11875000000000001 0.13125 0.12812500000000002
4 0.359375 0.13828125 0.13125 0.1328125
25 0.6218750000000001 0.13359375 0.146875 0.1546875
2 0.84375 0.10625000000000001 0.06875 0.09375
17 0.15937500000000002 0.3453125 0.140625 0.140625
3 0.3609375 0.375 0.084375 0.11875000000000001
16 0.6296875000000001 0.34296875000000004 0.140625 0.1453125
16 0.85859375 0.36953125000000003 0.13593750000000002 0.13593750000000002
14 0.09531250000000001 0.6390625000000001 0.146875 0.15625
27 0.36640625000000004 0.634375 0.1390625 0.1375
6 0.6023437500000001 0.61328125 0.0671875 0.0890625
32 0.8500000000000001 0.5867187500000001 0.09375 0.0921875
11 0.125 0.8875000000000001 0.1625 0.153125
21 0.375 0.88046875 0.18125000000000002 0.18281250000000002
15 0.6171875 0.88046875 0.115625 0.1390625
