22 0.134375 0.1265625 0.140625 0.14375000000000002
1 0.3484375 0.1375 0.1 0.10625000000000001
13 0.60703125 0.10546875 0.1640625 0.1640625
20 0.8296875 0.11171875 0.078125 0.0921875
25 0.11328125 0.35781250000000003 0.1484375 0.15000000000000002
8 0.34687500000000004 0.35078125000000004 0.10312500000000001 0.1296875
17 0.628125 0.38593750000000004 0.146875 0.15000000000000002
0 0.88203125 0.35781250000000003 0.15781250000000002 0.1625
7 0.11093750000000001 0.6234375000000001 0.125 0.12812500000000002
1 0.3515625 0.5890625 0.06875 0.10312500000000001
28 0.625 0.61484375 0.16875 0.17343750000000002
28 0.85546875 0.58984375 0.0703125 0.08281250000000001
