32 0.1125 0.13359375 0.125 0.1234375
10 0.36953125000000003 0.09843750000000001 0.1203125 0.11875000000000001
19 0.634375 0.10234375000000001 0.15937500000000002 0.15781250000000002
14 0.86640625 0.10546875 0.1296875 0.1484375
20 0.12265625000000001 0.3609375 0.1296875 0.10625000000000001
25 0.37421875000000004 0.3953125 0.1859375 0.1875
11 0.6468750000000001 0.40625 0.171875 0.15625
14 0.8679687500000001 0.39375000000000004 0.1203125 0.11875000000000001
5 0.11328125 0.6039062500000001 0.1015625 0.1015625
21 0.34687500000000004 0.6257812500000001 0.109375 0.11093750000000001
3 0.58203125 0.59765625 0.0890625 0.1015625
28 0.87109375 0.65390625 0.1171875 0.11093750000000001
3 0.1046875 0.85703125 0.10625000000000001 0.1296875
16 0.3671875 0.88671875 0.13125 0.13593750000000002
31 0.60859375 0.8578125000000001 0.18281250000000002 0.184375
6 0.8500000000000001 0.88046875 0.08750000000000001 0.09531250000000001
