6 0.09531250000000001 0.12578125 0.09062500000000001 0.09531250000000001
1 0.36875 0.14140625 0.08750000000000001 0.11093750000000001
9 0.58828125 0.12812500000000002 0.1078125 0.10625000000000001
7 0.84296875 0.13828125 0.1640625 0.1640625
9 0.10546875 0.353125 0.11093750000000001 0.1125
23 0.359375 0.36328125 0.096875 0.1234375
0 0.59140625 0.37421875000000004 0.0859375 0.1015625
24 0.8500000000000001 0.35078125000000004 0.134375 0.1390625
5 0.12265625000000001 0.5703125 0.0921875 0.096875
8 0.359375 0.64609375 0.16562500000000002 0.1765625
30 0.63046875 0.61328125 0.1640625 0.1640625
14 0.859375 0.6203125 0.109375 0.125
