33 0.09140625000000001 0.12265625000000001 0.1078125 0.1078125
18 0.37265625 0.14140625 0.11093750000000001 0.1296875
10 0.6109375 0.09609375 0.125 0.1328125
3 0.8453125 0.0765625 0.07187500000000001 0.09375
27 0.1046875 0.36875 0.11875000000000001 0.115625
21 0.35390625000000003 0.3328125 0.0734375 0.096875
3 0.6140625000000001 0.384375 0.096875 0.12187500000000001
1 0.8679687500000001 0.40546875000000004 0.0859375 0.1421875
22 0.13046875 0.60078125 0.15156250000000002 0.15156250000000002
23 0.35703125 0.61328125 0.1265625 0.1265625
7 0.6218750000000001 0.65234375 0.12812500000000002 0.1203125
26 0.88671875 0.6351562500000001 0.1859375 0.18281250000000002
28 0.07500000000000001 0.84921875 0.115625 0.1171875
1 0.36796875 0.90234375 0.0734375 0.1171875
3 0.625 0.890625 0.134375 0.153125
