17 0.11328125 0.11484375000000001 0.1015625 0.1421875
12 0.37812500000000004 0.11953125 0.12812500000000002 0.1390625
34 0.61640625 0.12421875 0.1546875 0.15781250000000002
33 0.8695312500000001 0.12187500000000001 0.1296875 0.125
35 0.0890625 0.34296875000000004 0.1 0.11406250000000001
23 0.37734375000000003 0.34921875 0.1328125 0.1328125
7 0.6156250000000001 0.35546875 0.12187500000000001 0.1421875
7 0.86875 0.3953125 0.12812500000000002 0.12812500000000002
35 0.11328125 0.6218750000000001 0.1234375 0.125
14 0.35625 0.6156250000000001 0.13125 0.13125
19 0.584375 0.60703125 0.09375 0.1171875
26 0.86328125 0.6171875 0.1015625 0.12187500000000001
5 0.11875000000000001 0.82578125 0.096875 0.1171875
30 0.37890625 0.8601562500000001 0.1328125 0.1328125
