20 0.11171875 0.11796875000000001 0.1296875 0.1265625
23 0.38125000000000003 0.16015625 0.16562500000000002 0.1609375
29 0.6546875000000001 0.11796875000000001 0.16875 0.1703125
20 0.8992187500000001 0.134375 0.1609375 0.153125
3 0.10312500000000001 0.34609375000000003 0.125 0.1421875
6 0.36640625000000004 0.37734375000000003 0.1203125 0.1328125
16 0.6015625 0.37578125 0.096875 0.1234375
3 0.8679687500000001 0.40546875000000004 0.09531250000000001 0.1265625
15 0.09531250000000001 0.6414062500000001 0.08125 0.09531250000000001
21 0.38359375 0.56640625 0.0859375 0.08281250000000001
17 0.6140625000000001 0.640625 0.14375000000000002 0.1375
11 0.8500000000000001 0.59375 0.06875 0.096875
33 0.09921875000000001 0.8703125 0.09843750000000001 0.115625
27 0.36953125000000003 0.8679687500000001 0.13593750000000002 0.1296875
