3 0.11171875 0.1703125 0.09843750000000001 0.14375000000000002
10 0.36562500000000003 0.12265625000000001 0.16875 0.1703125
4 0.6015625 0.09765625 0.059375000000000004 0.0765625
14 0.8210937500000001 0.1046875 0.11093750000000001 0.109375
10 0.11171875 0.3828125 0.1203125 0.109375
32 0.37578125 0.34296875000000004 0.16718750000000002 0.13593750000000002
20 0.6453125000000001 0.39453125 0.178125 0.17343750000000002
5 0.87265625 0.36171875000000003 0.1171875 0.1296875
0 0.10312500000000001 0.6179687500000001 0.115625 0.1390625
5 0.35781250000000003 0.63671875 0.125 0.13593750000000002
11 0.61875 0.5875 0.096875 0.115625
