4 0.10390625 0.11406250000000001 0.1296875 0.140625
13 0.38046875 0.14375000000000002 0.13593750000000002 0.15000000000000002
3 0.6117187500000001 0.13671875 0.0890625 0.1171875
27 0.8984375 0.12265625000000001 0.184375 0.18906250000000002
7 0.11015625000000001 0.37578125 0.09843750000000001 0.1171875
2 0.35781250000000003 0.34140625 0.08750000000000001 0.09843750000000001
19 0.584375 0.3453125 0.065625 0.096875
26 0.8773437500000001 0.37343750000000003 0.16718750000000002 0.17500000000000002
19 0.1 0.5867187500000001 0.07500000000000001 0.1171875
11 0.38046875 0.6078125000000001 0.15156250000000002 0.15000000000000002
35 0.61640625 0.6117187500000001 0.1296875 0.1296875
30 0.88203125 0.58984375 0.13593750000000002 0.13593750000000002
16 0.1203125 0.8703125 0.153125 0.153125
15 0.36796875 0.8875000000000001 0.13593750000000002 0.1375
