0 0.13515625 0.06484375 0.1046875 0.1046875
0 0.36328125 0.11640625 0.1296875 0.1296875
27 0.6484375 0.1296875 0.19375 0.15000000000000002
16 0.8835937500000001 0.16328125000000002 0.15781250000000002 0.1921875
20 0.1171875 0.37109375 0.146875 0.1421875
8 0.36484375 0.403125 0.11093750000000001 0.14375000000000002
23 0.6140625000000001 0.36171875000000003 0.12187500000000001 0.1203125
7 0.86640625 0.4 0.11406250000000001 0.1375
6 0.09140625000000001 0.61640625 0.060937500000000006 0.0859375
10 0.35859375000000004 0.63203125 0.1296875 0.1265625
24 0.6218750000000001 0.60078125 0.125 0.1296875
