17 0.09921875000000001 0.08750000000000001 0.13593750000000002 0.12812500000000002
2 0.35546875 0.1046875 0.1078125 0.11875000000000001
7 0.6140625000000001 0.12734375 0.109375 0.1453125
1 0.846875 0.1046875 0.0625 0.096875
19 0.11875000000000001 0.35234375 0.109375 0.11406250000000001
8 0.3375 0.35546875 0.109375 0.11406250000000001
24 0.59609375 0.36562500000000003 0.09531250000000001 0.11875000000000001
31 0.8250000000000001 0.35078125000000004 0.1125 0.11093750000000001
7 0.11171875 0.6039062500000001 0.1015625 0.1328125
13 0.359375 0.62421875 0.12812500000000002 0.1265625
27 0.60859375 0.63046875 0.1328125 0.1328125
7 0.8875000000000001 0.609375 0.11875000000000001 0.15000000000000002
17 0.109375 0.85859375 0.1 0.0921875
17 0.359375 0.89765625 0.1625 0.15781250000000002
