25 0.12578125 0.14375000000000002 0.18906250000000002 0.19062500000000002
11 0.35625 0.09843750000000001 0.12187500000000001 0.13125
14 0.6265625 0.08671875000000001 0.1125 0.11406250000000001
20 0.8562500000000001 0.13046875 0.153125 0.1546875
35 0.10546875 0.36562500000000003 0.1609375 0.15937500000000002
13 0.36562500000000003 0.3765625 0.146875 0.15000000000000002
16 0.6156250000000001 0.371875 0.13125 0.13125
17 0.8679687500000001 0.37890625 0.1328125 0.1328125
27 0.14296875 0.56484375 0.11093750000000001 0.11406250000000001
7 0.36171875000000003 0.6039062500000001 0.1203125 0.1171875
23 0.6390625000000001 0.64609375 0.153125 0.16718750000000002
3 0.83984375 0.6328125 0.1046875 0.10312500000000001
11 0.14140625 0.8695312500000001 0.1765625 0.1765625
