29 0.140625 0.08203125 0.096875 0.09531250000000001
3 0.38125000000000003 0.1296875 0.16875 0.1625
17 0.6414062500000001 0.1046875 0.1546875 0.15625
0 0.8523437500000001 0.15937500000000002 0.1203125 0.14375000000000002
33 0.140625 0.36171875000000003 0.17500000000000002 0.16718750000000002
13 0.35468750000000004 0.37890625 0.125 0.1421875
10 0.6218750000000001 0.35234375 0.125 0.1203125
17 0.8773437500000001 0.34765625 0.1203125 0.1203125
13 0.11640625 0.61875 0.1421875 0.140625
18 0.33671875 0.60859375 0.0671875 0.0921875
15 0.6296875000000001 0.62421875 0.1625 0.1609375
17 0.8859375 0.6109375 0.18125000000000002 0.1875
5 0.140625 0.82734375 0.11875000000000001 0.1203125
33 0.328125 0.8609375 0.115625 0.115625
27 0.59765625 0.8765625 0.11093750000000001 0.10625000000000001
