7 0.11171875 0.084375 0.0859375 0.09375
9 0.38125000000000003 0.1421875 0.1375 0.13125
12 0.65 0.13359375 0.1625 0.17343750000000002
13 0.8859375 0.09765625 0.14375000000000002 0.1453125
33 0.10078125 0.39609375 0.16718750000000002 0.16718750000000002
7 0.36015625 0.3671875 0.1078125 0.1375
20 0.6101562500000001 0.37734375000000003 0.1265625 0.1265625
8 0.8625 0.33984375 0.1375 0.15156250000000002
18 0.07890625000000001 0.62265625 0.029687500000000002 0.09531250000000001
5 0.371875 0.60546875 0.115625 0.1390625
