32 0.13359375 0.1265625 0.17343750000000002 0.16562500000000002
35 0.36953125000000003 0.10078125 0.1328125 0.1453125
11 0.62421875 0.11015625000000001 0.1234375 0.1265625
9 0.85078125 0.12421875 0.11406250000000001 0.1390625
25 0.11484375000000001 0.36875 0.1265625 0.1375
17 0.3484375 0.34453125 0.10312500000000001 0.1078125
0 0.609375 0.340625 0.096875 0.10312500000000001
2 0.8625 0.39687500000000003 0.12812500000000002 0.140625
24 0.11875000000000001 0.6109375 0.18125000000000002 0.18125000000000002
30 0.3484375 0.64609375 0.134375 0.1546875
5 0.59765625 0.59140625 0.0703125 0.1046875
14 0.8734375000000001 0.6328125 0.134375 0.1375
