13 0.1171875 0.09843750000000001 0.115625 0.1125
35 0.36562500000000003 0.13359375 0.140625 0.1640625
2 0.609375 0.14921875 0.1375 0.15156250000000002
20 0.87109375 0.10703125000000001 0.1265625 0.13593750000000002
34 0.15390625000000002 0.38046875 0.15781250000000002 0.1640625
20 0.38046875 0.38359375 0.17343750000000002 0.1703125
14 0.59296875 0.36171875000000003 0.1015625 0.11093750000000001
17 0.8601562500000001 0.37421875000000004 0.09843750000000001 0.0890625
11 0.1125 0.6109375 0.125 0.140625
13 0.3765625 0.59609375 0.11875000000000001 0.1171875
16 0.634375 0.6023437500000001 0.1875 0.18906250000000002
23 0.86875 0.61875 0.140625 0.140625
26 0.10390625 0.853125 0.1078125 0.115625
