27 0.1421875 0.0734375 0.13125 0.13125
21 0.36875 0.11328125 0.10312500000000001 0.13593750000000002
32 0.6585937500000001 0.09140625000000001 0.1921875 0.1703125
21 0.8515625 0.11953125 0.134375 0.1328125
8 0.096875 0.36953125000000003 0.125 0.1296875
1 0.35546875 0.34687500000000004 0.09531250000000001 0.10625000000000001
11 0.6585937500000001 0.31953125000000004 0.1046875 0.1046875
1 0.8539062500000001 0.36015625 0.0734375 0.11406250000000001
10 0.08515625 0.58515625 0.11093750000000001 0.1171875
7 0.34921875 0.5828125000000001 0.0703125 0.1
35 0.6203125 0.61484375 0.134375 0.15781250000000002
15 0.86640625 0.628125 0.15781250000000002 0.16562500000000002
13 0.12890625 0.90546875 0.1296875 0.1484375
15 0.38593750000000004 0.8828125 0.19062500000000002 0.19062500000000002
