0 0.09921875000000001 0.09453125000000001 0.13593750000000002 0.1390625
8 0.37421875000000004 0.11796875000000001 0.16718750000000002 0.15781250000000002
23 0.6117187500000001 0.11796875000000001 0.09843750000000001 0.11406250000000001
34 0.87421875 0.14140625 0.1328125 0.13593750000000002
16 0.11328125 0.35781250000000003 0.1640625 0.1625
9 0.35781250000000003 0.3828125 0.146875 0.146875
25 0.6273437500000001 0.38359375 0.1453125 0.1421875
2 0.84921875 0.36562500000000003 0.1296875 0.13125
21 0.08359375000000001 0.634375 0.09843750000000001 0.08750000000000001
5 0.34375 0.628125 0.109375 0.10625000000000001
18 0.59296875 0.6062500000000001 0.0859375 0.1
7 0.8453125 0.6140625000000001 0.09062500000000001 0.10312500000000001
30 0.13359375 0.8757812500000001 0.1546875 0.15781250000000002
