1 0.07734375 0.11328125 0.1015625 0.09843750000000001
9 0.33906250000000004 0.1 0.07187500000000001 0.096875
25 0.57734375 0.109375 0.11093750000000001 0.109375
16 0.884375 0.08359375000000001 0.134375 0.1328125
31 0.1046875 0.33984375 0.08750000000000001 0.1015625
7 0.36328125 0.3984375 0.1078125 0.134375
7 0.59296875 0.36562500000000003 0.0921875 0.1
13 0.8421875000000001 0.35468750000000004 0.1375 0.1375
35 0.109375 0.5906250000000001 0.08125 0.09375
2 0.32656250000000003 0.6117187500000001 0.11875000000000001 0.1171875
12 0.5984375000000001 0.609375 0.14375000000000002 0.14375000000000002
9 0.8835937500000001 0.6296875000000001 0.17343750000000002 0.16875
11 0.13671875 0.8484375000000001 0.1453125 0.14375000000000002
33 0.3765625 0.8773437500000001 0.146875 0.1421875
5 0.6062500000000001 0.87265625 0.13125 0.1328125
5 0.88671875 0.91171875 0.1390625 0.1484375
