11 0.12890625 0.10390625 0.1484375 0.1484375
17 0.3515625 0.14765625000000002 0.08750000000000001 0.1203125
34 0.60859375 0.0890625 0.0921875 0.1
11 0.8656250000000001 0.12109375 0.12187500000000001 0.11093750000000001
13 0.08984375 0.36484375 0.09531250000000001 0.09843750000000001
6 0.35234375 0.33046875000000003 0.0703125 0.09531250000000001
7 0.6218750000000001 0.31796875 0.09375 0.11093750000000001
18 0.846875 0.33671875 0.078125 0.0703125
8 0.09531250000000001 0.625 0.15937500000000002 0.153125
5 0.36015625 0.6156250000000001 0.1046875 0.12187500000000001
22 0.62421875 0.64609375 0.1765625 0.18281250000000002
5 0.84140625 0.59140625 0.11093750000000001 0.1234375
33 0.115625 0.88671875 0.1125 0.1171875
21 0.35000000000000003 0.8250000000000001 0.07500000000000001 0.08125
13 0.6109375 0.8765625 0.13125 0.13125
15 0.88046875 0.8609375 0.1296875 0.140625
