29 0.09062500000000001 0.1 0.125 0.12812500000000002
34 0.34218750000000003 0.10312500000000001 0.115625 0.11875000000000001
13 0.6140625000000001 0.11171875 0.12812500000000002 0.1234375
20 0.86328125 0.14140625 0.1484375 0.1390625
33 0.10312500000000001 0.36171875000000003 0.096875 0.1078125
28 0.35468750000000004 0.39453125 0.10625000000000001 0.09843750000000001
0 0.63984375 0.34140625 0.1265625 0.1234375
11 0.8859375 0.32265625000000003 0.1125 0.11093750000000001
18 0.09921875000000001 0.6195312500000001 0.1078125 0.1453125
12 0.35000000000000003 0.63046875 0.115625 0.1171875
15 0.61484375 0.6023437500000001 0.11093750000000001 0.11093750000000001
5 0.85546875 0.6492187500000001 0.11093750000000001 0.1484375
13 0.1 0.8968750000000001 0.14375000000000002 0.146875
15 0.38593750000000004 0.884375 0.15937500000000002 0.1625
26 0.6328125 0.8921875 0.15625 0.171875
