12 0.13125 0.146875 0.134375 0.1375
22 0.36328125 0.08750000000000001 0.1015625 0.1
32 0.6351562500000001 0.08125 0.1453125 0.12812500000000002
14 0.8679687500000001 0.09296875 0.11093750000000001 0.1203125
20 0.134375 0.375 0.17500000000000002 0.17500000000000002
29 0.33046875000000003 0.3953125 0.1265625 0.140625
24 0.61875 0.34375 0.18125000000000002 0.18125000000000002
27 0.89375 0.37109375 0.17500000000000002 0.17343750000000002
25 0.134375 0.61640625 0.1625 0.1640625
4 0.40468750000000003 0.5789062500000001 0.1125 0.11093750000000001
33 0.61328125 0.60546875 0.1046875 0.09843750000000001
