35 0.12421875 0.096875 0.1046875 0.10312500000000001
24 0.37421875000000004 0.1484375 0.11406250000000001 0.125
10 0.609375 0.134375 0.12812500000000002 0.125
8 0.81796875 0.08515625 0.0765625 0.0921875
13 0.10546875 0.3921875 0.1234375 0.12812500000000002
30 0.37890625 0.37734375000000003 0.1390625 0.1390625
31 0.6046875 0.359375 0.07500000000000001 0.1125
11 0.8562500000000001 0.375 0.109375 0.109375
3 0.0765625 0.6218750000000001 0.10312500000000001 0.10312500000000001
12 0.35703125 0.6234375000000001 0.13593750000000002 0.14375000000000002
3 0.61484375 0.59765625 0.13593750000000002 0.15156250000000002
22 0.8617187500000001 0.6203125 0.1203125 0.12187500000000001
2 0.109375 0.8703125 0.09375 0.11875000000000001
10 0.3484375 0.8890625000000001 0.16875 0.16875
8 0.603125 0.84296875 0.09062500000000001 0.11093750000000001
34 0.8609375 0.8343750000000001 0.096875 0.11875000000000001
