0 0.1046875 0.11796875000000001 0.153125 0.1609375
31 0.3765625 0.12578125 0.1875 0.18281250000000002
17 0.625 0.1296875 0.109375 0.10625000000000001
21 0.8640625000000001 0.12578125 0.109375 0.11093750000000001
23 0.12109375 0.3671875 0.1046875 0.12812500000000002
3 0.32421875 0.34609375000000003 0.1046875 0.1078125
30 0.5953125 0.35625 0.12187500000000001 0.12187500000000001
14 0.8601562500000001 0.35234375 0.11406250000000001 0.1046875
18 0.07421875 0.5789062500000001 0.0171875 0.0890625
26 0.35625 0.61484375 0.09375 0.11093750000000001
3 0.603125 0.64765625 0.10312500000000001 0.1015625
33 0.859375 0.6039062500000001 0.096875 0.11406250000000001
9 0.10312500000000001 0.88984375 0.078125 0.1171875
11 0.3921875 0.84765625 0.15000000000000002 0.1546875
11 0.6117187500000001 0.87265625 0.1046875 0.1078125
10 0.8500000000000001 0.8460937500000001 0.153125 0.1546875
