34 0.13593750000000002 0.09453125000000001 0.12812500000000002 0.1296875
0 0.35078125000000004 0.09453125000000001 0.0671875 0.0859375
1 0.58125 0.10859375 0.078125 0.09531250000000001
0 0.83359375 0.11015625000000001 0.11093750000000001 0.1203125
35 0.08359375000000001 0.36015625 0.09843750000000001 0.09843750000000001
19 0.3609375 0.34218750000000003 0.09062500000000001 0.09375
16 0.6171875 0.35781250000000003 0.153125 0.184375
2 0.8679687500000001 0.38359375 0.1171875 0.1296875
8 0.11328125 0.6328125 0.1265625 0.134375
17 0.36796875 0.6023437500000001 0.1078125 0.1390625
23 0.6335937500000001 0.6000000000000001 0.15156250000000002 0.14375000000000002
1 0.84921875 0.6375000000000001 0.16718750000000002 0.16562500000000002
13 0.12421875 0.83359375 0.1265625 0.1234375
28 0.35000000000000003 0.87109375 0.1125 0.11406250000000001
