16 0.11484375000000001 0.13515625 0.1234375 0.1296875
12 0.37031250000000004 0.12109375 0.146875 0.1453125
15 0.61640625 0.07734375 0.09843750000000001 0.1046875
35 0.8453125 0.134375 0.125 0.12187500000000001
29 0.11953125 0.38906250000000003 0.1421875 0.15000000000000002
23 0.37265625 0.37265625 0.1546875 0.1546875
6 0.6203125 0.36171875000000003 0.12812500000000002 0.1234375
0 0.853125 0.3609375 0.134375 0.13125
23 0.10703125000000001 0.6195312500000001 0.07968750000000001 0.09843750000000001
20 0.38046875 0.625 0.16718750000000002 0.16875
33 0.6203125 0.63984375 0.12812500000000002 0.1265625
