28 0.10546875 0.08671875000000001 0.1296875 0.1390625
2 0.35468750000000004 0.11015625000000001 0.1625 0.1640625
11 0.5984375000000001 0.12578125 0.109375 0.1265625
2 0.84296875 0.10078125 0.0578125 0.08281250000000001
35 0.11328125 0.38906250000000003 0.1265625 0.12812500000000002
12 0.36953125000000003 0.36875 0.15781250000000002 0.15937500000000002
34 0.6273437500000001 0.403125 0.1390625 0.1375
1 0.8656250000000001 0.36562500000000003 0.125 0.12812500000000002
8 0.09296875 0.5859375 0.06406250000000001 0.096875
31 0.33671875 0.5867187500000001 0.1015625 0.09843750000000001
