4 0.10234375000000001 0.15000000000000002 0.1015625 0.13125
1 0.37265625 0.13046875 0.11093750000000001 0.1234375
6 0.60546875 0.1125 0.0734375 0.096875
23 0.8835937500000001 0.10625000000000001 0.18281250000000002 0.18125000000000002
1 0.109375 0.353125 0.09062500000000001 0.1
24 0.37421875000000004 0.31953125000000004 0.09843750000000001 0.09843750000000001
6 0.62421875 0.384375 0.1265625 0.153125
4 0.8460937500000001 0.37265625 0.0859375 0.1078125
33 0.10859375 0.63984375 0.1171875 0.1171875
6 0.38125000000000003 0.6335937500000001 0.15937500000000002 0.16718750000000002
23 0.6125 0.63671875 0.16562500000000002 0.1640625
12 0.8953125000000001 0.6429687500000001 0.15000000000000002 0.1640625
8 0.1078125 0.8500000000000001 0.09062500000000001 0.1
