25 0.10390625 0.10390625 0.1609375 0.15781250000000002
35 0.36250000000000004 0.12109375 0.12187500000000001 0.1234375
0 0.60859375 0.10625000000000001 0.1015625 0.10625000000000001
17 0.88046875 0.12187500000000001 0.15781250000000002 0.14375000000000002
27 0.09531250000000001 0.3796875 0.1 0.1
20 0.37031250000000004 0.3609375 0.14375000000000002 0.14375000000000002
5 0.60546875 0.37734375000000003 0.1390625 0.15156250000000002
4 0.8656250000000001 0.38906250000000003 0.12187500000000001 0.13125
16 0.10859375 0.6265625 0.1546875 0.153125
35 0.3453125 0.596875 0.15000000000000002 0.15000000000000002
16 0.60859375 0.5984375000000001 0.1390625 0.146875
4 0.8265625000000001 0.61484375 0.10312500000000001 0.1078125
