11 0.13984375000000002 0.07500000000000001 0.1203125 0.125
13 0.36484375 0.11015625000000001 0.1046875 0.11093750000000001
34 0.625 0.13515625 0.12187500000000001 0.1203125
10 0.85859375 0.11484375000000001 0.11406250000000001 0.11093750000000001
6 0.08046875 0.3765625 0.1078125 0.10312500000000001
23 0.41015625 0.38515625000000003 0.2171875 0.1796875
33 0.61875 0.36796875 0.1375 0.15156250000000002
6 0.8796875000000001 0.32734375000000004 0.11875000000000001 0.1234375
7 0.08750000000000001 0.61640625 0.096875 0.1078125
18 0.36484375 0.675 0.0921875 0.096875
32 0.61640625 0.5789062500000001 0.1328125 0.11093750000000001
3 0.8421875000000001 0.62890625 0.096875 0.1078125
21 0.10703125000000001 0.86640625 0.09531250000000001 0.1203125
16 0.37265625 0.91796875 0.1265625 0.1765625
11 0.6078125000000001 0.86875 0.096875 0.09375
