25 0.1203125 0.13671875 0.11875000000000001 0.1265625
0 0.3453125 0.09140625000000001 0.08750000000000001 0.1171875
25 0.59609375 0.096875 0.09843750000000001 0.109375
35 0.89765625 0.10390625 0.1765625 0.1765625
35 0.1296875 0.3359375 0.115625 0.115625
13 0.35781250000000003 0.40156250000000004 0.1625 0.15937500000000002
4 0.5984375000000001 0.371875 0.09375 0.115625
8 0.88046875 0.37031250000000004 0.1203125 0.14375000000000002
16 0.115625 0.61875 0.096875 0.096875
17 0.39296875000000003 0.60859375 0.1703125 0.16718750000000002
