34 0.10625000000000001 0.11953125 0.12187500000000001 0.1265625
4 0.35859375000000004 0.07578125000000001 0.0734375 0.0890625
3 0.6265625 0.06640625 0.1 0.11093750000000001
20 0.8929687500000001 0.1390625 0.1640625 0.15937500000000002
11 0.1328125 0.38828125 0.16875 0.1703125
14 0.35625 0.4109375 0.19375 0.19375
30 0.62890625 0.3796875 0.1640625 0.1625
3 0.86640625 0.36171875000000003 0.13593750000000002 0.1328125
2 0.09375 0.6265625 0.06875 0.084375
22 0.37031250000000004 0.6570312500000001 0.16562500000000002 0.1640625
26 0.58984375 0.61328125 0.09843750000000001 0.1078125
17 0.84921875 0.62109375 0.1171875 0.1203125
24 0.13671875 0.87265625 0.1609375 0.1609375
7 0.35234375 0.8539062500000001 0.0859375 0.1078125
22 0.6023437500000001 0.83203125 0.0890625 0.07968750000000001
