14 0.1171875 0.14140625 0.12812500000000002 0.1484375
10 0.35390625000000003 0.11093750000000001 0.1171875 0.12187500000000001
4 0.6203125 0.14609375 0.12187500000000001 0.13593750000000002
11 0.8421875000000001 0.12578125 0.13125 0.1265625
10 0.1078125 0.37578125 0.08125 0.1234375
6 0.35390625000000003 0.39296875000000003 0.1328125 0.1390625
4 0.57734375 0.35625 0.0921875 0.10312500000000001
33 0.8656250000000001 0.3765625 0.14375000000000002 0.140625
27 0.11093750000000001 0.6359375 0.115625 0.1125
23 0.359375 0.5710937500000001 0.09062500000000001 0.0890625
26 0.6179687500000001 0.6179687500000001 0.13593750000000002 0.1609375
12 0.8828125 0.62109375 0.11875000000000001 0.1296875
2 0.1046875 0.8578125000000001 0.096875 0.13125
6 0.34765625 0.8515625 0.0921875 0.12187500000000001
1 0.6265625 0.9007812500000001 0.115625 0.1390625
12 0.8484375000000001 0.8640625000000001 0.140625 0.140625
