30 0.1265625 0.09062500000000001 0.10312500000000001 0.10312500000000001
7 0.35625 0.1453125 0.09375 0.1125
23 0.61484375 0.140625 0.1765625 0.17500000000000002
25 0.84921875 0.1 0.0859375 0.1
16 0.13046875 0.36171875000000003 0.1390625 0.1421875
20 0.353125 0.33125000000000004 0.1125 0.109375
21 0.6203125 0.39140625 0.11875000000000001 0.1203125
34 0.88046875 0.35000000000000003 0.1453125 0.146875
20 0.11796875000000001 0.6468750000000001 0.1015625 0.10625000000000001
18 0.34921875 0.64609375 0.1171875 0.1078125
18 0.5906250000000001 0.61484375 0.053125000000000006 0.1078125
5 0.8343750000000001 0.57421875 0.0625 0.0859375
