30 0.11406250000000001 0.11328125 0.084375 0.1078125
25 0.36562500000000003 0.12734375 0.13125 0.1390625
1 0.6046875 0.11953125 0.096875 0.11406250000000001
7 0.8679687500000001 0.14140625 0.0921875 0.1234375
23 0.1328125 0.37890625 0.17500000000000002 0.1546875
21 0.36796875 0.3921875 0.11406250000000001 0.12187500000000001
8 0.5921875 0.38125000000000003 0.0625 0.09375
7 0.884375 0.39921875 0.10625000000000001 0.1328125
5 0.10312500000000001 0.63203125 0.1125 0.1390625
1 0.34453125 0.6109375 0.07968750000000001 0.1
35 0.6117187500000001 0.578125 0.09531250000000001 0.1
5 0.8515625 0.625 0.12187500000000001 0.1375
