10 0.11171875 0.1421875 0.11093750000000001 0.1125
0 0.3796875 0.11406250000000001 0.125 0.140625
7 0.5984375000000001 0.13046875 0.07187500000000001 0.1015625
3 0.84765625 0.11171875 0.09531250000000001 0.1046875
27 0.12109375 0.36953125000000003 0.1046875 0.1265625
0 0.35625 0.35468750000000004 0.096875 0.1125
20 0.6101562500000001 0.37343750000000003 0.1390625 0.1375
18 0.84765625 0.36875 0.08281250000000001 0.09375
33 0.08515625 0.603125 0.11093750000000001 0.109375
31 0.36875 0.628125 0.109375 0.1125
24 0.64609375 0.63984375 0.1765625 0.1765625
12 0.89609375 0.6257812500000001 0.1640625 0.17343750000000002
8 0.12109375 0.84375 0.13593750000000002 0.14375000000000002
30 0.36250000000000004 0.8601562500000001 0.109375 0.1171875
