4 0.11093750000000001 0.12578125 0.11875000000000001 0.1390625
23 0.3609375 0.14140625 0.171875 0.1703125
14 0.5945312500000001 0.1 0.11406250000000001 0.134375
35 0.8734375000000001 0.14375000000000002 0.109375 0.115625
23 0.1421875 0.32109375 0.109375 0.11093750000000001
7 0.38359375 0.38515625000000003 0.1265625 0.15156250000000002
24 0.64765625 0.34218750000000003 0.15156250000000002 0.15625
5 0.8523437500000001 0.371875 0.1234375 0.140625
2 0.09843750000000001 0.63671875 0.109375 0.1171875
2 0.34375 0.6312500000000001 0.096875 0.11875000000000001
33 0.62890625 0.65 0.1484375 0.15937500000000002
