16 0.13671875 0.10312500000000001 0.1484375 0.15000000000000002
20 0.3796875 0.15390625000000002 0.20625000000000002 0.20468750000000002
1 0.6531250000000001 0.15156250000000002 0.14375000000000002 0.153125
34 0.8796875000000001 0.08281250000000001 0.12812500000000002 0.12812500000000002
6 0.12812500000000002 0.36484375 0.15937500000000002 0.1609375
3 0.35468750000000004 0.35468750000000004 0.09375 0.10625000000000001
35 0.6265625 0.35703125 0.14375000000000002 0.15156250000000002
34 0.875 0.375 0.178125 0.178125
5 0.12578125 0.6000000000000001 0.1265625 0.12812500000000002
11 0.3484375 0.6328125 0.12812500000000002 0.13125
24 0.640625 0.6109375 0.140625 0.146875
