29 0.1125 0.1390625 0.096875 0.10625000000000001
1 0.38593750000000004 0.14140625 0.10312500000000001 0.1484375
20 0.63671875 0.11328125 0.1765625 0.1703125
0 0.86875 0.14140625 0.109375 0.1171875
29 0.11328125 0.35390625000000003 0.1234375 0.1328125
31 0.34921875 0.33828125000000003 0.0734375 0.0859375
28 0.628125 0.38203125000000004 0.16875 0.1703125
13 0.88828125 0.37421875000000004 0.15781250000000002 0.1609375
1 0.09531250000000001 0.63046875 0.12812500000000002 0.1390625
1 0.35703125 0.59921875 0.1046875 0.11093750000000001
21 0.6039062500000001 0.6203125 0.1046875 0.12187500000000001
16 0.8343750000000001 0.6414062500000001 0.1875 0.1765625
23 0.1328125 0.85078125 0.1375 0.1390625
