32 0.10625000000000001 0.11953125 0.12187500000000001 0.1203125
18 0.3203125 0.08671875000000001 0.043750000000000004 0.09843750000000001
4 0.61328125 0.11796875000000001 0.1609375 0.1609375
15 0.8484375000000001 0.11953125 0.10312500000000001 0.1078125
2 0.12421875 0.39687500000000003 0.1296875 0.12812500000000002
18 0.35781250000000003 0.35390625000000003 0.08750000000000001 0.0921875
3 0.5906250000000001 0.384375 0.12812500000000002 0.14375000000000002
21 0.85078125 0.36953125000000003 0.09531250000000001 0.1015625
0 0.12187500000000001 0.6546875000000001 0.12812500000000002 0.14375000000000002
28 0.384375 0.6359375 0.171875 0.16562500000000002
