14 0.1296875 0.13515625 0.15000000000000002 0.1609375
9 0.34765625 0.09609375 0.08281250000000001 0.09531250000000001
17 0.6312500000000001 0.1046875 0.125 0.146875
6 0.85859375 0.09453125000000001 0.1078125 0.1171875
3 0.08750000000000001 0.403125 0.13125 0.146875
27 0.371875 0.38828125 0.153125 0.15781250000000002
0 0.62265625 0.35703125 0.1234375 0.1203125
35 0.8773437500000001 0.3375 0.1296875 0.13125
28 0.11015625000000001 0.5984375000000001 0.1078125 0.125
18 0.3359375 0.6375000000000001 0.03125 0.12187500000000001
21 0.5750000000000001 0.59296875 0.11875000000000001 0.1171875
6 0.846875 0.63046875 0.07187500000000001 0.1046875
6 0.12812500000000002 0.88984375 0.12187500000000001 0.1234375
