10 0.1203125 0.09453125000000001 0.11875000000000001 0.1171875
4 0.34609375000000003 0.10546875 0.0890625 0.1203125
29 0.6039062500000001 0.09062500000000001 0.0859375 0.09375
19 0.8367187500000001 0.11484375000000001 0.1265625 0.1265625
35 0.1171875 0.38515625000000003 0.12187500000000001 0.1203125
18 0.3640625 0.40390625 0.10625000000000001 0.1234375
13 0.6234375000000001 0.38906250000000003 0.171875 0.17500000000000002
18 0.8289062500000001 0.38125000000000003 0.026562500000000003 0.10312500000000001
20 0.09609375 0.6117187500000001 0.11093750000000001 0.1078125
19 0.3796875 0.5710937500000001 0.10625000000000001 0.09531250000000001
0 0.6039062500000001 0.6312500000000001 0.09843750000000001 0.115625
18 0.8578125000000001 0.63046875 0.1125 0.1234375
