0 0.11640625 0.14375000000000002 0.1296875 0.1375
3 0.36953125000000003 0.10078125 0.1453125 0.1484375
15 0.6203125 0.14375000000000002 0.12187500000000001 0.1375
15 0.85546875 0.12734375 0.11406250000000001 0.1171875
4 0.09609375 0.3375 0.11093750000000001 0.125
29 0.33437500000000003 0.325 0.09062500000000001 0.10312500000000001
23 0.6414062500000001 0.33671875 0.2171875 0.1765625
17 0.87890625 0.384375 0.1390625 0.1125
2 0.09609375 0.62109375 0.1296875 0.1296875
5 0.37343750000000003 0.6046875 0.125 0.146875
