35 0.13984375000000002 0.07734375 0.1421875 0.1421875
20 0.37890625 0.10234375000000001 0.1609375 0.1328125
1 0.60546875 0.16171875000000002 0.0578125 0.1390625
27 0.8828125 0.11484375000000001 0.134375 0.1421875
11 0.1171875 0.34296875000000004 0.11875000000000001 0.1203125
34 0.36171875000000003 0.36171875000000003 0.1078125 0.1171875
2 0.59296875 0.37734375000000003 0.0734375 0.0859375
27 0.85078125 0.3203125 0.07968750000000001 0.09062500000000001
5 0.12421875 0.6265625 0.1796875 0.178125
16 0.40390625 0.64375 0.17343750000000002 0.178125
21 0.6023437500000001 0.6218750000000001 0.0890625 0.109375
