0 0.115625 0.096875 0.12187500000000001 0.1375
34 0.38828125 0.09140625000000001 0.1171875 0.11406250000000001
22 0.6171875 0.13593750000000002 0.140625 0.12812500000000002
23 0.8546875 0.11328125 0.12187500000000001 0.1203125
0 0.1046875 0.37031250000000004 0.09375 0.1125
16 0.3796875 0.340625 0.153125 0.15937500000000002
31 0.63984375 0.38828125 0.1859375 0.16718750000000002
35 0.8343750000000001 0.32421875 0.08750000000000001 0.1015625
11 0.1375 0.6023437500000001 0.1375 0.1390625
27 0.35468750000000004 0.63046875 0.115625 0.11406250000000001
