33 0.1390625 0.10078125 0.15937500000000002 0.15781250000000002
4 0.3484375 0.1453125 0.146875 0.1625
1 0.6078125000000001 0.12187500000000001 0.1 0.1375
17 0.8890625000000001 0.08984375 0.140625 0.1421875
1 0.10703125000000001 0.39765625000000004 0.0890625 0.1265625
3 0.321875 0.359375 0.125 0.12187500000000001
19 0.6140625000000001 0.35703125 0.109375 0.1078125
25 0.9031250000000001 0.3140625 0.1 0.1
1 0.08515625 0.5867187500000001 0.0546875 0.07968750000000001
35 0.35781250000000003 0.6585937500000001 0.16875 0.17343750000000002
11 0.60703125 0.59921875 0.1265625 0.13593750000000002
