16 0.14921875 0.11093750000000001 0.19843750000000002 0.19687500000000002
14 0.353125 0.13359375 0.10625000000000001 0.1046875
14 0.6375000000000001 0.12109375 0.171875 0.1765625
11 0.8460937500000001 0.1125 0.1078125 0.13125
3 0.1015625 0.37343750000000003 0.10312500000000001 0.1375
1 0.36562500000000003 0.33515625000000004 0.078125 0.0859375
28 0.6101562500000001 0.340625 0.09843750000000001 0.09062500000000001
10 0.85703125 0.38984375000000004 0.11406250000000001 0.11406250000000001
33 0.10546875 0.59609375 0.0921875 0.1046875
17 0.375 0.58515625 0.125 0.1265625
10 0.6062500000000001 0.5906250000000001 0.096875 0.09062500000000001
11 0.8578125000000001 0.6171875 0.13125 0.13125
29 0.1484375 0.8718750000000001 0.171875 0.17500000000000002
16 0.37109375 0.86328125 0.1203125 0.1234375
27 0.6156250000000001 0.8445312500000001 0.09375 0.09531250000000001
25 0.8695312500000001 0.86484375 0.1453125 0.1546875
