8 0.08984375 0.11484375000000001 0.07968750000000001 0.0921875
4 0.34921875 0.13046875 0.1046875 0.1078125
18 0.59921875 0.08750000000000001 0.0734375 0.09062500000000001
34 0.89609375 0.09453125000000001 0.1296875 0.13593750000000002
25 0.10859375 0.3484375 0.09843750000000001 0.096875
13 0.37265625 0.36953125000000003 0.1609375 0.1609375
30 0.6312500000000001 0.35781250000000003 0.14375000000000002 0.15000000000000002
0 0.8757812500000001 0.37031250000000004 0.1265625 0.140625
16 0.12187500000000001 0.6265625 0.12812500000000002 0.13125
2 0.37109375 0.5921875 0.1234375 0.125
18 0.6000000000000001 0.5890625 0.1125 0.115625
13 0.86875 0.6328125 0.1375 0.1375
22 0.12109375 0.8695312500000001 0.13593750000000002 0.1453125
7 0.36953125000000003 0.8421875000000001 0.1078125 0.12187500000000001
17 0.625 0.86640625 0.134375 0.1484375
