4 0.10234375000000001 0.14296875 0.09531250000000001 0.0921875
34 0.35546875 0.09531250000000001 0.1015625 0.115625
10 0.6023437500000001 0.1421875 0.1015625 0.1
19 0.86875 0.10390625 0.125 0.1296875
14 0.11875000000000001 0.35703125 0.1375 0.1390625
6 0.340625 0.34296875000000004 0.109375 0.1203125
26 0.6125 0.33671875 0.096875 0.11406250000000001
30 0.87265625 0.34687500000000004 0.1796875 0.16875
8 0.09843750000000001 0.640625 0.115625 0.1375
27 0.3671875 0.64375 0.17500000000000002 0.18125000000000002
1 0.60078125 0.6039062500000001 0.0921875 0.1234375
10 0.8734375000000001 0.60859375 0.125 0.1296875
27 0.11093750000000001 0.83125 0.08750000000000001 0.10625000000000001
26 0.37421875000000004 0.8921875 0.1484375 0.153125
27 0.6335937500000001 0.88984375 0.1640625 0.1640625
21 0.86640625 0.9078125 0.09843750000000001 0.146875
