2 0.10390625 0.12812500000000002 0.11093750000000001 0.11875000000000001
27 0.36875 0.14375000000000002 0.1625 0.16562500000000002
17 0.6062500000000001 0.1265625 0.11875000000000001 0.115625
0 0.8765625 0.15234375 0.140625 0.1453125
13 0.109375 0.34218750000000003 0.08750000000000001 0.1125
14 0.35000000000000003 0.3484375 0.125 0.1375
28 0.6062500000000001 0.31875000000000003 0.08125 0.096875
22 0.8671875 0.35625 0.10625000000000001 0.10312500000000001
2 0.109375 0.609375 0.11875000000000001 0.125
23 0.37890625 0.60703125 0.1203125 0.1421875
21 0.63046875 0.5906250000000001 0.1265625 0.125
3 0.85078125 0.5828125000000001 0.1046875 0.115625
8 0.115625 0.8984375 0.12812500000000002 0.14375000000000002
34 0.35625 0.8914062500000001 0.184375 0.18281250000000002
5 0.6195312500000001 0.8226562500000001 0.09531250000000001 0.1046875
25 0.8328125000000001 0.8992187500000001 0.140625 0.1484375
