27 0.12187500000000001 0.1609375 0.10625000000000001 0.109375
0 0.38046875 0.08984375 0.11093750000000001 0.1046875
34 0.603125 0.11484375000000001 0.1125 0.11093750000000001
9 0.8539062500000001 0.10234375000000001 0.0765625 0.09843750000000001
16 0.11171875 0.38671875 0.09843750000000001 0.1078125
6 0.35781250000000003 0.33906250000000004 0.096875 0.12812500000000002
1 0.5921875 0.35859375000000004 0.053125000000000006 0.08281250000000001
24 0.878125 0.34921875 0.140625 0.1453125
18 0.09375 0.6484375 0.084375 0.10312500000000001
23 0.39296875000000003 0.6351562500000001 0.1640625 0.1640625
6 0.6179687500000001 0.64375 0.1203125 0.15000000000000002
1 0.878125 0.6125 0.146875 0.14375000000000002
26 0.09531250000000001 0.84765625 0.12187500000000001 0.1296875
