17 0.08671875000000001 0.0890625 0.09531250000000001 0.096875
16 0.3796875 0.1078125 0.1375 0.15000000000000002
16 0.63984375 0.12421875 0.1953125 0.1953125
13 0.87421875 0.10312500000000001 0.15781250000000002 0.171875
0 0.1375 0.40234375 0.15937500000000002 0.15156250000000002
21 0.36015625 0.38593750000000004 0.1703125 0.171875
26 0.60859375 0.37421875000000004 0.1234375 0.1390625
18 0.8445312500000001 0.37890625 0.1296875 0.1296875
13 0.1125 0.59375 0.096875 0.109375
12 0.3875 0.5632812500000001 0.10312500000000001 0.1046875
33 0.6156250000000001 0.6039062500000001 0.125 0.1234375
32 0.8679687500000001 0.6000000000000001 0.1203125 0.12187500000000001
12 0.1203125 0.8765625 0.15937500000000002 0.15937500000000002
3 0.36171875000000003 0.8453125 0.1234375 0.134375
17 0.6078125000000001 0.8914062500000001 0.16562500000000002 0.1640625
