34 0.1125 0.0859375 0.1625 0.1625
4 0.36015625 0.1125 0.1390625 0.14375000000000002
4 0.6273437500000001 0.09062500000000001 0.1234375 0.11875000000000001
9 0.84765625 0.1296875 0.07968750000000001 0.109375
22 0.10703125000000001 0.34609375000000003 0.1296875 0.1296875
7 0.37734375000000003 0.35781250000000003 0.16718750000000002 0.16875
32 0.65546875 0.36171875000000003 0.2015625 0.1859375
13 0.86328125 0.35625 0.11093750000000001 0.1125
27 0.1046875 0.625 0.11875000000000001 0.115625
27 0.36953125000000003 0.59140625 0.1015625 0.1203125
