1 0.10859375 0.09140625000000001 0.0859375 0.1265625
0 0.3765625 0.13203125000000002 0.15625 0.1546875
27 0.6328125 0.12265625000000001 0.16875 0.1453125
18 0.8382812500000001 0.13359375 0.0921875 0.09531250000000001
8 0.10625000000000001 0.35468750000000004 0.10312500000000001 0.1125
1 0.36953125000000003 0.3765625 0.1390625 0.146875
0 0.5875 0.38203125000000004 0.08750000000000001 0.0890625
3 0.8367187500000001 0.37031250000000004 0.0921875 0.10625000000000001
18 0.1171875 0.6273437500000001 0.12812500000000002 0.1296875
14 0.33671875 0.59609375 0.0890625 0.11406250000000001
21 0.6171875 0.57265625 0.084375 0.09843750000000001
21 0.8500000000000001 0.62265625 0.10625000000000001 0.11093750000000001
35 0.10234375000000001 0.87890625 0.0859375 0.0890625
