33 0.11796875000000001 0.08984375 0.1546875 0.1484375
30 0.38515625000000003 0.13984375000000002 0.15156250000000002 0.17343750000000002
20 0.6156250000000001 0.10703125000000001 0.16875 0.1640625
1 0.85078125 0.07734375 0.0765625 0.0890625
11 0.11015625000000001 0.37109375 0.08281250000000001 0.13593750000000002
19 0.33906250000000004 0.39296875000000003 0.146875 0.15781250000000002
11 0.61484375 0.39765625000000004 0.1765625 0.1765625
35 0.884375 0.3953125 0.140625 0.1375
14 0.12421875 0.6179687500000001 0.1453125 0.15156250000000002
16 0.35625 0.628125 0.140625 0.1375
14 0.6171875 0.61640625 0.1375 0.1421875
