35 0.11953125 0.10703125000000001 0.13593750000000002 0.13593750000000002
13 0.36250000000000004 0.1 0.109375 0.10625000000000001
18 0.63671875 0.07578125000000001 0.1171875 0.1203125
20 0.8695312500000001 0.1234375 0.1390625 0.140625
16 0.10703125000000001 0.40703125 0.09531250000000001 0.1421875
24 0.3953125 0.33828125000000003 0.134375 0.1328125
35 0.6109375 0.37812500000000004 0.134375 0.134375
10 0.8679687500000001 0.38046875 0.1765625 0.1765625
23 0.1015625 0.6351562500000001 0.13125 0.1296875
3 0.359375 0.57734375 0.09375 0.1171875
31 0.6140625000000001 0.58203125 0.153125 0.15781250000000002
13 0.85703125 0.6179687500000001 0.1203125 0.1203125
16 0.09375 0.85859375 0.10312500000000001 0.1046875
24 0.35546875 0.828125 0.11406250000000001 0.11875000000000001
8 0.6109375 0.8187500000000001 0.08750000000000001 0.1125
