20 0.109375 0.13125 0.1125 0.10625000000000001
17 0.37578125 0.1078125 0.1296875 0.146875
2 0.60859375 0.140625 0.11406250000000001 0.109375
19 0.853125 0.1046875 0.125 0.134375
4 0.10625000000000001 0.328125 0.065625 0.08125
11 0.37812500000000004 0.35625 0.134375 0.134375
26 0.64609375 0.3921875 0.1859375 0.19062500000000002
8 0.8406250000000001 0.33359375 0.08125 0.1015625
35 0.12734375 0.6375000000000001 0.17343750000000002 0.17500000000000002
8 0.35859375000000004 0.63203125 0.1078125 0.1484375
12 0.6218750000000001 0.58203125 0.096875 0.09843750000000001
35 0.8625 0.59296875 0.109375 0.1234375
30 0.13359375 0.91015625 0.1921875 0.1953125
31 0.40156250000000004 0.8929687500000001 0.203125 0.18906250000000002
2 0.5945312500000001 0.8539062500000001 0.1046875 0.11406250000000001
5 0.8304687500000001 0.84765625 0.1203125 0.1203125
