19 0.14375000000000002 0.14296875 0.178125 0.18281250000000002
7 0.35468750000000004 0.134375 0.125 0.13125
33 0.5765625 0.10078125 0.12187500000000001 0.1234375
17 0.85546875 0.146875 0.1484375 0.15000000000000002
0 0.09453125000000001 0.32109375 0.06406250000000001 0.0921875
2 0.35859375000000004 0.35234375 0.11406250000000001 0.11406250000000001
10 0.62109375 0.35000000000000003 0.1265625 0.125
31 0.8601562500000001 0.37812500000000004 0.1296875 0.1375
18 0.07109375 0.63203125 0.0890625 0.08281250000000001
4 0.371875 0.584375 0.1125 0.12812500000000002
5 0.603125 0.609375 0.1125 0.115625
6 0.8679687500000001 0.5984375000000001 0.1015625 0.10312500000000001
15 0.1328125 0.88203125 0.17500000000000002 0.1796875
1 0.35703125 0.8835937500000001 0.1046875 0.11406250000000001
15 0.603125 0.8671875 0.11875000000000001 0.12187500000000001
