0 0.10625000000000001 0.11015625000000001 0.10625000000000001 0.1265625
7 0.371875 0.09843750000000001 0.146875 0.15000000000000002
35 0.6125 0.13515625 0.140625 0.1421875
10 0.8421875000000001 0.11796875000000001 0.125 0.1171875
35 0.13203125000000002 0.40156250000000004 0.1171875 0.13125
34 0.37812500000000004 0.35781250000000003 0.12812500000000002 0.12812500000000002
25 0.6312500000000001 0.35859375000000004 0.15937500000000002 0.15781250000000002
8 0.8609375 0.37031250000000004 0.16875 0.15937500000000002
27 0.11953125 0.6375000000000001 0.1234375 0.11875000000000001
27 0.35000000000000003 0.6078125000000001 0.09375 0.10312500000000001
25 0.6023437500000001 0.63828125 0.09843750000000001 0.1015625
