32 0.08203125 0.08750000000000001 0.1390625 0.1375
32 0.384375 0.1234375 0.16562500000000002 0.1625
18 0.59765625 0.0890625 0.0671875 0.1
15 0.88671875 0.16640625 0.1296875 0.13593750000000002
18 0.09296875 0.41171875 0.0578125 0.1015625
18 0.33828125000000003 0.34296875000000004 0.0484375 0.1171875
27 0.62109375 0.36328125 0.15156250000000002 0.1484375
20 0.90234375 0.3484375 0.20468750000000002 0.1625
21 0.10546875 0.6351562500000001 0.1078125 0.1078125
18 0.32890625 0.6359375 0.0140625 0.096875
