9 0.08750000000000001 0.125 0.14375000000000002 0.1375
11 0.3609375 0.10546875 0.16875 0.16718750000000002
35 0.5945312500000001 0.1125 0.11406250000000001 0.115625
32 0.8625 0.07968750000000001 0.09062500000000001 0.09062500000000001
25 0.10625000000000001 0.384375 0.12187500000000001 0.12187500000000001
20 0.37734375000000003 0.34687500000000004 0.1859375 0.17500000000000002
32 0.6039062500000001 0.36953125000000003 0.1203125 0.1203125
8 0.87265625 0.35000000000000003 0.1171875 0.140625
13 0.11171875 0.59609375 0.1421875 0.1390625
14 0.33125000000000004 0.584375 0.08125 0.084375
