33 0.13046875 0.14453125 0.1328125 0.1296875
27 0.3640625 0.14296875 0.11875000000000001 0.1171875
17 0.62421875 0.1046875 0.13593750000000002 0.15937500000000002
16 0.8679687500000001 0.10546875 0.1265625 0.1265625
35 0.12265625000000001 0.37734375000000003 0.16718750000000002 0.16718750000000002
4 0.34687500000000004 0.3875 0.12187500000000001 0.140625
16 0.61875 0.4 0.14375000000000002 0.16562500000000002
25 0.87109375 0.353125 0.1421875 0.14375000000000002
5 0.1171875 0.6515625 0.09375 0.12187500000000001
10 0.36015625 0.6218750000000001 0.1234375 0.115625
33 0.628125 0.5984375000000001 0.134375 0.134375
