3 0.12812500000000002 0.12421875 0.134375 0.15156250000000002
29 0.353125 0.12812500000000002 0.109375 0.109375
0 0.6179687500000001 0.13671875 0.11093750000000001 0.1265625
23 0.85546875 0.1265625 0.1328125 0.13125
27 0.12578125 0.40078125000000003 0.15781250000000002 0.1640625
3 0.375 0.33984375 0.140625 0.1546875
18 0.6023437500000001 0.3609375 0.0703125 0.07500000000000001
10 0.86640625 0.37031250000000004 0.15156250000000002 0.153125
2 0.10390625 0.61640625 0.1046875 0.1296875
14 0.38906250000000003 0.6429687500000001 0.171875 0.17343750000000002
21 0.59140625 0.59609375 0.1171875 0.1296875
