29 0.11328125 0.11953125 0.1328125 0.1328125
9 0.37812500000000004 0.08125 0.10312500000000001 0.115625
8 0.6203125 0.10234375000000001 0.10625000000000001 0.1296875
4 0.84296875 0.13203125000000002 0.09531250000000001 0.09531250000000001
28 0.07500000000000001 0.36640625000000004 0.11875000000000001 0.11406250000000001
13 0.35781250000000003 0.38828125 0.13125 0.1296875
13 0.6171875 0.34609375000000003 0.11875000000000001 0.1171875
35 0.85859375 0.35781250000000003 0.1203125 0.11875000000000001
3 0.09609375 0.6203125 0.060937500000000006 0.09375
17 0.35468750000000004 0.6125 0.14375000000000002 0.14375000000000002
7 0.596875 0.6195312500000001 0.10625000000000001 0.1046875
6 0.8484375000000001 0.6179687500000001 0.09375 0.1203125
31 0.09375 0.8539062500000001 0.053125000000000006 0.08281250000000001
15 0.3453125 0.83515625 0.07500000000000001 0.0859375
10 0.6273437500000001 0.8484375000000001 0.15156250000000002 0.15625
30 0.88984375 0.8796875000000001 0.1609375 0.1625
