9 0.115625 0.125 0.08750000000000001 0.11875000000000001
35 0.36875 0.096875 0.12187500000000001 0.12812500000000002
19 0.6179687500000001 0.07890625000000001 0.11093750000000001 0.1234375
3 0.8796875000000001 0.16953125000000002 0.11875000000000001 0.1390625
25 0.11484375000000001 0.37578125 0.11093750000000001 0.11093750000000001
7 0.33906250000000004 0.36562500000000003 0.125 0.13125
2 0.5875 0.36484375 0.096875 0.11093750000000001
33 0.8695312500000001 0.3671875 0.13593750000000002 0.15000000000000002
21 0.12812500000000002 0.60546875 0.1375 0.1390625
30 0.371875 0.6117187500000001 0.13125 0.11406250000000001
23 0.6140625000000001 0.6257812500000001 0.12812500000000002 0.1265625
7 0.8367187500000001 0.5984375000000001 0.0765625 0.09062500000000001
32 0.13125 0.84296875 0.12812500000000002 0.1234375
21 0.36562500000000003 0.8539062500000001 0.12187500000000001 0.11093750000000001
