1 0.12421875 0.125 0.08281250000000001 0.1375
18 0.3453125 0.10312500000000001 0.07187500000000001 0.096875
17 0.6218750000000001 0.10625000000000001 0.1375 0.13125
13 0.8578125000000001 0.14140625 0.171875 0.16718750000000002
29 0.09843750000000001 0.35859375000000004 0.109375 0.1234375
21 0.35468750000000004 0.3765625 0.13125 0.1375
0 0.58203125 0.340625 0.09843750000000001 0.109375
17 0.8562500000000001 0.37734375000000003 0.1125 0.13593750000000002
33 0.140625 0.64609375 0.171875 0.16718750000000002
1 0.36328125 0.59296875 0.1078125 0.1296875
23 0.58828125 0.60703125 0.1421875 0.1421875
26 0.84375 0.59765625 0.084375 0.1015625
3 0.09296875 0.88046875 0.1296875 0.1390625
